Keuwl Accelerometer Data File
2019-06-26 17-08-48

Time (s), X (m/s2), Y (m/s2), Z (m/s2), R (m/s2), Theta (deg), Phi (deg)
0.0000000,3.428497,9.112331,-2.047042,9.948847,101.873802,69.381287
0.0097030,3.447650,9.285912,-2.331953,10.176072,103.247643,69.631172
0.0197340,3.506308,9.212888,-2.244564,10.109875,102.827530,69.163811
0.0297040,3.703830,8.972271,-1.990779,9.908744,101.590256,67.568748
0.0398050,3.902549,8.799889,-1.545457,9.749685,99.120628,66.083809
0.0498120,3.994725,8.597578,-1.084573,9.542143,96.526421,65.078827
0.0599770,4.250905,8.763975,-0.785298,9.772111,94.609322,64.124619
0.0697780,4.841076,9.378088,-0.422577,10.562345,92.292892,62.696701
0.0797770,5.091270,9.166202,-0.110133,10.485820,90.601791,60.950481
0.0897160,5.250484,9.057265,0.031125,10.469127,89.829659,59.899189
0.0999320,5.202600,9.248801,-0.067038,10.611874,90.361954,60.641541
0.1101260,4.782418,9.232041,-0.368707,10.403752,92.030975,62.614765
0.1197510,4.367024,9.287108,-0.708684,10.287056,93.950279,64.815948
0.1298390,4.106056,9.241618,-1.049857,10.167075,95.926956,66.044395
0.1397570,3.834314,8.978256,-1.143231,9.829447,96.679001,66.874283
0.1501110,3.494337,8.644265,-1.173159,9.397341,97.171486,67.989586
0.1598210,3.344700,8.652645,-1.307234,9.368253,98.021156,68.865875
0.1700850,3.309984,8.585608,-1.636437,9.345939,100.084244,68.917000
0.1801170,3.359065,8.622718,-1.825579,9.432249,101.159828,68.716110
0.1900460,3.434482,8.759187,-1.871069,9.592701,101.247719,68.589828
0.2004990,3.509900,8.865729,-1.831564,9.709541,100.873161,68.401627
0.2099960,3.575740,8.786720,-1.637634,9.626745,99.794388,67.856224
0.2199830,3.688268,8.732851,-1.406593,9.583554,98.439880,67.103523
0.2309230,3.890578,8.854955,-1.331176,9.763138,97.836525,66.280884
0.2405420,3.957615,8.854955,-1.285686,9.783963,97.550934,65.918320
0.2515160,3.940856,8.831013,-1.070208,9.729465,96.315117,65.951096
0.2598860,3.976769,8.888474,-0.956484,9.784402,95.609962,65.895905
0.2699100,4.055778,8.979453,-0.924162,9.896160,95.358429,65.692581
0.2803960,4.116830,9.012972,-0.928950,9.952130,95.355888,65.450638
0.2900260,4.170700,9.063251,-0.960075,10.022923,95.496674,65.289200
0.3007560,4.244920,9.157822,-1.001973,10.143421,95.668961,65.130890
0.3099750,4.282030,9.196129,-1.065420,10.199985,95.995659,65.031715
0.3197680,4.228160,9.185355,-1.101333,10.171579,96.215912,65.282654
0.3296570,4.092888,9.059659,-1.139640,10.006394,96.539673,65.687943
0.3396990,3.998317,8.969876,-1.182736,9.891617,96.867256,65.975105
0.3498060,3.975572,8.932767,-1.198298,9.850656,96.987137,66.008308
0.3597750,4.005499,8.941146,-1.224634,9.873593,97.124817,65.868340
0.3704760,3.998317,8.901642,-1.227028,9.835210,97.166824,65.811996
0.3799810,3.964798,8.864532,-1.169568,9.780972,96.867622,65.902687
0.3898470,3.955221,8.840590,-1.114501,9.748944,96.564415,65.896576
0.3998910,3.992331,8.853758,-1.092953,9.773551,96.420685,65.728462
0.4101480,4.009091,8.869320,-1.094150,9.794632,96.413849,65.676186
0.4198470,4.047398,8.863335,-1.059434,9.801149,96.205391,65.456429
0.4298320,4.104859,8.823831,-1.013944,9.784576,95.948059,65.052078
0.4399070,4.092888,8.734048,-0.954089,9.692554,95.649078,64.891602
0.4507640,4.065354,8.717288,-0.992397,9.669699,95.890610,64.997749
0.4599030,4.062960,8.779537,-1.080982,9.734292,96.375778,65.166428
0.4697400,4.022259,8.802282,-1.106121,9.740751,96.520348,65.441666
0.4796840,3.986346,8.833407,-1.091756,9.752537,96.427498,65.711266
0.4898080,3.998317,8.856153,-1.130063,9.782383,96.633629,65.702095
0.4999340,4.016273,8.884883,-1.091756,9.811399,96.388779,65.675392
0.5104850,4.052186,8.908825,-1.057040,9.844019,96.164246,65.541550
0.5201530,4.054581,8.953117,-1.054646,9.884848,96.124725,65.635750
0.5300670,4.061763,8.957906,-1.112107,9.898422,96.450912,65.609138
0.5398279,4.011485,8.923190,-1.110910,9.846292,96.478203,65.793350
0.5498090,4.003105,8.911219,-1.054646,9.825830,96.161659,65.809387
0.5597910,4.040215,8.933964,-1.029507,9.858953,95.993958,65.666039
0.5698930,4.042610,8.931569,-1.023521,9.857140,95.960083,65.647530
0.5799840,4.052186,8.902839,-0.994791,9.832108,95.806999,65.527031
0.5904690,4.058172,8.913613,-0.992397,9.844090,95.785896,65.521271
0.6002890,4.066552,8.941146,-0.997185,9.872958,95.796852,65.543327
0.6108750,4.085705,8.991425,-1.041478,9.930930,96.019798,65.562943
0.6196899,4.218584,9.163807,-1.113304,10.149446,96.297508,65.280891
0.6297210,3.877410,8.864532,-1.108515,9.738739,96.535881,66.375084
0.6397180,3.708618,8.680179,-1.037886,9.496135,96.274712,66.865334
0.6507270,3.750517,8.725668,-0.912191,9.541265,95.486130,66.740723
0.6598180,3.965995,8.881291,-0.981623,9.775993,95.762871,65.936554
0.6712220,4.120421,8.963891,-1.035492,9.919750,95.991844,65.313232
0.6799200,4.103662,8.972271,-1.024718,9.919261,95.929573,65.421989
0.6905749,3.974375,8.945934,-1.027112,9.842782,95.989822,66.046051
0.6999210,3.879804,8.895657,-1.100136,9.767081,96.467354,66.435776
0.7099470,3.909731,8.890868,-1.110910,9.775871,96.525070,66.262657
0.7199930,4.013879,8.945934,-1.055843,9.861835,96.146072,65.835091
0.7300680,4.126407,8.987833,-0.997185,9.939958,95.757645,65.339661
0.7414490,4.197036,8.989030,-0.952892,9.966231,95.486549,64.971825
0.7508630,4.191050,8.967483,-0.930147,9.942123,95.368225,64.950455
0.7600030,4.115633,8.908825,-0.943315,9.858775,95.490623,65.204361
0.7708690,3.993528,8.841787,-0.993594,9.752574,95.847450,65.692955
0.7800890,3.903746,8.789114,-1.017536,9.670736,96.039726,66.051270
0.7908640,3.875015,8.763975,-1.049857,9.639772,96.252426,66.147255
0.7999750,3.901352,8.757990,-1.057040,9.645738,96.291466,65.988846
0.8106920,3.896563,8.827422,-1.024718,9.703434,96.061951,66.182579
0.8200049,3.906140,8.902839,-1.052252,9.778839,96.177269,66.310432
0.8299390,3.956418,8.953117,-1.080982,9.847846,96.301964,66.159172
0.8404419,3.988740,8.938752,-1.096544,9.849556,96.391953,65.952133
0.8500380,4.013879,8.898050,-1.064223,9.819323,96.221962,65.720032
0.8601280,4.024653,8.886080,-0.993594,9.805482,95.815788,65.633438
0.8699150,4.034230,8.919599,-0.969652,9.837401,95.656708,65.663315
0.8800030,4.054581,8.963891,-0.984017,9.887328,95.711708,65.661629
0.8911930,4.106056,8.954314,-0.984017,9.899885,95.704437,65.365883
0.9008260,4.171896,8.899248,-0.966060,9.875961,95.613617,64.883194
0.9098010,4.165911,8.844181,-0.931344,9.820476,95.441940,64.777969
0.9197310,4.098873,8.807071,-0.936133,9.759180,95.504463,65.042397
0.9300100,4.001908,8.756793,-0.948104,9.674482,95.624039,65.439308
0.9402789,4.005499,8.779537,-1.015141,9.703340,96.005142,65.476044
0.9497710,4.072537,8.875306,-1.124078,9.829556,96.566536,65.351425
0.9597650,4.067749,8.900445,-1.168370,9.855434,96.808479,65.438293
0.9698629,4.065354,8.999804,-1.242591,9.953272,97.171654,65.690552
0.9802910,4.028244,9.006987,-1.242591,9.944676,97.177887,65.904114
0.9909589,4.073734,9.056067,-1.289278,10.013486,97.397606,65.780128
1.0000880,4.022259,8.956709,-1.203086,9.891846,96.985840,65.816216
1.0104620,3.989937,8.845378,-1.005565,9.755587,95.916313,65.721008
1.0201401,4.042610,8.778340,-0.910994,9.707310,95.384911,65.272942
1.0300590,4.125209,8.793902,-0.896629,9.754691,95.273941,64.868782
1.0406530,4.204218,8.829816,-0.943315,9.825016,95.509544,64.539063
1.0498680,4.213795,8.871715,-0.969652,9.869328,95.638351,64.593704
1.0599999,4.193444,8.883685,-1.017536,9.876245,95.913597,64.730873
1.0699500,4.185065,8.917204,-1.074997,9.908931,96.228142,64.858170
1.0798749,4.110844,8.932767,-1.128866,9.897863,96.548920,65.288193
1.0902920,4.016273,8.960299,-1.155202,9.886957,96.709824,65.856651
1.0999449,3.942053,8.949526,-1.248576,9.858638,97.275932,66.227654
1.1105219,3.883395,8.936357,-1.278504,9.827198,97.475281,66.512100
1.1200520,3.916914,8.990228,-1.312023,9.893827,97.620453,66.457932
1.1302480,3.933673,9.052477,-1.278504,9.952673,97.380516,66.513069
1.1402450,4.058172,9.142260,-1.276109,10.083557,97.270477,66.063972
1.1497279,4.179079,9.192537,-1.284489,10.179260,97.249306,65.552673
1.1597159,4.082114,9.169792,-1.181539,10.106669,96.713623,66.002823
1.1697730,3.969586,9.058462,-1.148020,9.956470,96.621155,66.336075
1.1798670,3.903746,8.896853,-1.064223,9.773730,96.251106,66.309174
1.1900690,3.861847,8.771158,-0.968455,9.632497,95.770287,66.236618
1.1997149,3.833117,8.688558,-0.930147,9.541960,95.594055,66.194443
1.2105529,3.791218,8.626308,-0.903811,9.465908,95.478989,66.274757
1.2200680,3.830723,8.628703,-0.882263,9.481949,95.338898,66.061119
1.2298770,3.946841,8.807071,-0.962469,9.698887,95.695122,65.860718
1.2405140,4.066552,8.983045,-1.017536,9.912987,95.891602,65.644119
1.2504430,4.133589,9.026140,-1.034295,9.981359,95.947815,65.394226
1.2598699,4.119224,8.890868,-0.964863,9.846142,95.623672,65.141258
1.2702810,4.036624,8.757990,-0.930147,9.688234,95.509338,65.254669
1.2798450,3.925294,8.706514,-0.920571,9.594727,95.505737,65.731979
1.2898901,3.855862,8.809465,-0.982820,9.666451,95.835533,66.361229
1.2998210,3.842694,8.932767,-1.127669,9.789395,96.614754,66.723610
1.3110549,3.883395,8.985439,-1.235408,9.866363,97.193123,66.626602
1.3198919,3.988740,9.076419,-1.244985,9.992067,97.157501,66.276344
1.3297340,3.960010,9.001001,-1.229423,9.910156,97.126289,66.252808
1.3397040,3.855862,8.862138,-1.188721,9.737464,97.011993,66.486435
1.3496629,3.821146,8.866926,-1.168370,9.725669,96.899757,66.686676
1.3597549,3.812766,8.899248,-1.151611,9.749872,96.783356,66.807922
1.3697450,3.866636,8.963891,-1.157596,9.830679,96.762466,66.666718
1.3796639,3.988740,9.016563,-1.145625,9.925771,96.627808,66.136398
1.3898100,4.097676,9.017760,-1.101333,9.966137,96.344574,65.562920
1.3997030,4.140772,8.990228,-1.067814,9.955421,96.157364,65.269867
1.4101681,4.121618,8.986636,-1.049857,9.942312,96.061440,65.361984
1.4201980,4.092888,8.985439,-1.034295,9.927719,95.980072,65.510628
1.4298760,4.068946,8.967483,-1.052252,9.903499,96.099220,65.594086
1.4405539,4.006697,8.973468,-1.051055,9.883393,96.104691,65.939003
1.4506481,3.992331,8.977059,-1.072602,9.883157,96.230484,66.024040
1.4602820,3.985149,8.954314,-1.121683,9.865055,96.528809,66.008377
1.4698520,3.979163,8.943541,-1.120486,9.852723,96.530006,66.014748
1.4799459,4.001908,8.933964,-1.110910,9.852162,96.474327,65.870331
1.4898399,4.040215,8.919599,-1.080982,9.851452,96.299644,65.631409
1.5004400,4.050989,8.920795,-1.034295,9.851948,96.026237,65.576904
1.5108089,4.005499,8.866926,-1.035492,9.784614,96.074905,65.689651
1.5201209,4.005499,8.866926,-1.035492,9.784614,96.074905,65.689651
1.5307089,3.945644,8.871715,-1.059434,9.767181,96.227058,66.023170
1.5406129,3.932476,8.844181,-1.072602,9.738295,96.323547,66.028160
1.5503470,3.958812,8.851364,-1.092953,9.757735,96.431129,65.903206
1.5601549,3.983952,8.877700,-1.091756,9.791698,96.401680,65.831390
1.5699239,4.054581,8.949526,-1.104924,9.887087,96.416451,65.627106
1.5800040,4.102465,9.006987,-1.088165,9.956914,96.274239,65.511879
1.5899060,4.118027,9.034520,-1.069011,9.986164,96.145241,65.496017
1.6000459,4.114436,9.029732,-1.051055,9.978444,96.046326,65.503418
1.6109799,4.102465,8.972271,-1.007959,9.917048,95.833557,65.428314
1.6200669,4.089296,8.910022,-0.950498,9.849583,95.537735,65.347023
1.6304060,4.098873,8.878897,-0.932542,9.823707,95.447159,65.219963
1.6398070,4.106056,8.872911,-0.961272,9.824067,95.615303,65.167046
1.6505419,4.090494,8.892065,-1.033098,9.842167,96.025238,65.296806
1.6601540,4.031836,8.902839,-1.103727,9.835367,96.443314,65.635620
1.6699799,3.983952,8.899248,-1.145625,9.817380,96.701317,65.883232
1.6799989,3.957615,8.884883,-1.186327,9.798532,96.953972,65.990257
1.6905890,3.945644,8.871715,-1.146823,9.777046,96.736153,66.023170
1.7001770,3.960010,8.834604,-1.083376,9.741951,96.384918,65.856239
1.7112349,3.979163,8.856153,-1.022324,9.762700,96.010880,65.805115
1.7203150,4.025850,8.896853,-1.036689,9.820193,96.059837,65.653122
1.7302699,4.046201,8.911219,-1.052252,9.843210,96.136719,65.579247
1.7400000,4.048595,8.919599,-1.045069,9.851017,96.089821,65.586761
1.7500730,4.011485,8.896853,-1.046266,9.815329,96.119080,65.729950
1.7600390,4.011485,8.882488,-1.016339,9.799161,95.953247,65.695244
1.7700610,4.025850,8.912416,-1.000776,9.830574,95.842972,65.690704
1.7798890,4.094085,8.939949,-1.000776,9.883612,95.811508,65.394402
1.7899650,4.129998,8.916007,-0.957681,9.872650,95.566643,65.145882
1.8001570,4.078523,8.839393,-0.961272,9.782292,95.639359,65.231255
1.8099270,4.041412,8.787917,-1.013944,9.725666,95.984215,65.303108
1.8198489,3.845088,8.889671,-0.851139,9.722931,95.022064,66.609863
1.8307540,4.040215,8.919599,-1.217452,9.867359,97.087311,65.631409
1.8397180,4.223372,8.917204,-1.254562,9.946221,97.246277,64.656799
1.8497679,4.194642,8.926781,-1.090559,9.923293,96.309486,64.831444
1.8596889,4.068946,8.912416,-1.003170,9.848544,95.846275,65.461021
1.8702999,3.981557,8.863335,-0.993594,9.767227,95.838646,65.809593
1.8796980,3.999514,8.836999,-1.027112,9.754159,96.044449,65.649094
1.8898329,4.043807,8.833407,-1.025915,9.769031,96.028152,65.402374
1.8996650,4.094085,8.848969,-0.979228,9.799218,95.735100,65.171799
1.9098020,4.128801,8.882488,-0.957681,9.841887,95.584091,65.069824
1.9197369,4.131195,8.887277,-0.976834,9.849094,95.691963,65.068932
1.9299289,4.122815,8.905233,-1.030704,9.867276,95.995872,65.157494
1.9399239,4.091691,8.920795,-1.066617,9.872193,96.202492,65.360558
1.9505930,4.062960,8.916007,-1.083376,9.857816,96.309563,65.501587
1.9598429,4.028244,8.887277,-1.082179,9.817410,96.328613,65.617126
1.9699470,4.041412,8.869320,-1.071405,9.805394,96.273056,65.503044
1.9810969,4.068946,8.864532,-1.043872,9.809481,96.108673,65.344200
1.9900290,4.095282,8.875306,-1.022324,9.827895,95.970863,65.230255
1.9999110,4.119224,8.893262,-1.001973,9.852009,95.837212,65.147141
2.0100050,4.118027,8.911219,-0.992397,9.866753,95.772560,65.197533
2.0209200,4.050989,8.856153,-1.009156,9.790830,95.916069,65.419655
2.0299859,4.050989,8.856153,-1.015141,9.791449,95.950912,65.419655
2.0399399,4.029441,8.834604,-1.017536,9.763299,95.982254,65.482391
2.0499299,4.037821,8.848969,-1.011550,9.779136,95.937271,65.472588
2.0598869,4.052186,8.871715,-1.021127,9.806643,95.976814,65.451286
2.0706229,4.054581,8.895657,-1.023521,9.829543,95.976875,65.496819
2.0798941,4.052186,8.913613,-1.027112,9.845185,95.988358,65.553146
2.0897810,4.042610,8.919599,-1.024718,9.846419,95.973595,65.618645
2.0996900,4.030639,8.902839,-1.035492,9.827453,96.048332,65.642006
2.1097829,4.001908,8.888474,-1.022324,9.801294,95.987129,65.761024
2.1198440,3.994725,8.883685,-1.024718,9.794271,96.005516,65.787987
2.1296828,4.015076,8.890868,-1.024718,9.809099,95.996407,65.696281
2.1397018,4.010288,8.890868,-1.034295,9.808145,96.053246,65.721916
2.1500108,4.015076,8.893262,-1.022324,9.811019,95.981171,65.702065
2.1598039,4.005499,8.899248,-1.023521,9.812657,95.987198,65.767769
2.1705399,3.986346,8.878897,-1.023521,9.786386,96.003326,65.821419
2.1798248,3.961207,8.852561,-1.024718,9.752386,96.031410,65.893181
2.1898060,3.952827,8.858546,-1.041478,9.756196,96.128021,65.952797
2.1999819,3.974375,8.882488,-1.061828,9.788857,96.227310,65.894379
2.2107158,4.010288,8.905233,-1.071405,9.825147,96.260399,65.756561
2.2200267,4.046201,8.917204,-1.059434,9.849400,96.174873,65.593727
2.2300301,4.064157,8.908825,-1.054646,9.848696,96.147293,65.477783
2.2400680,4.070143,8.900445,-1.048660,9.842950,96.115852,65.425545
2.2498369,4.084508,8.890868,-1.035492,9.838851,96.041298,65.325722
2.2599709,4.089296,8.904037,-1.017536,9.850867,95.928886,65.332420
2.2700448,4.116830,8.901642,-1.019930,9.860415,95.937111,65.180412
2.2798150,4.151546,8.887277,-1.035492,9.863633,96.026062,64.961143
2.2898419,4.176685,8.871715,-1.037886,9.860488,96.041977,64.789566
2.2998331,4.195838,8.871715,-1.051055,9.870009,96.113007,64.688400
2.3099039,4.201824,8.881291,-1.055843,9.881674,96.133682,64.680717
2.3198180,4.213795,8.906430,-1.041478,9.907838,96.033882,64.680313
2.3300390,4.230555,8.924387,-1.036689,9.930609,95.992218,64.636978
2.3398130,4.217386,8.907627,-1.057040,9.912088,96.121750,64.664413
2.3497229,4.159925,8.875306,-1.045069,9.857393,96.085869,64.887146
2.3598771,4.101267,8.883685,-1.043872,9.840219,96.089523,65.218987
2.3696969,4.024653,8.956709,-0.987608,9.868933,95.743340,65.803467
2.3797040,4.005499,9.187749,-0.912191,10.064336,95.200195,66.444679
2.3896880,3.931279,9.393650,-0.767342,10.211975,94.309341,67.290497
2.4005558,3.828329,9.506178,-0.653617,10.268921,93.649345,68.064362
2.4100420,3.775656,9.542090,-0.663194,10.283331,93.697693,68.412071
2.4198980,3.696647,9.566033,-0.705092,10.279657,93.933067,68.871735
2.4299488,3.645172,9.563639,-0.811634,10.266899,94.534164,69.135704
2.4398048,3.661932,9.525331,-0.889446,10.243671,94.981201,68.971176
2.4498899,3.689465,9.429564,-0.985214,10.173470,95.557320,68.631302
2.4598100,3.688268,9.242816,-1.104924,10.012683,96.335632,68.245949
2.4699500,3.685874,9.060856,-1.066617,9.839840,96.222961,67.863960
2.4808278,3.754108,8.857349,-1.047463,9.676939,96.214058,67.030777
2.4898748,3.754108,8.857349,-1.047463,9.676939,96.214058,67.030777
2.4998209,3.882198,8.846576,-1.151611,9.729316,96.797752,66.306389
2.5098240,3.982754,8.808268,-1.284489,9.751811,97.568878,65.669373
2.5211320,4.128801,8.443152,-1.383849,9.499940,98.376030,63.940823
2.5300229,4.316746,8.276755,-1.362301,9.433707,98.302986,62.455685
2.5398121,4.566940,8.184579,-1.210269,9.450345,97.357857,60.838776
2.5506029,4.823119,8.201338,-1.055843,9.572838,96.332359,59.540668
2.5602980,5.045780,8.275558,-0.937330,9.737728,95.523705,58.628468
2.5700338,5.225345,8.385692,-0.787692,9.911837,94.558098,58.071880
2.5804789,5.311536,8.418014,-0.769736,9.983379,94.421989,57.749195
2.5899169,5.333084,8.434772,-0.784101,10.010095,94.492638,57.695911
2.5999558,5.210980,8.432379,-0.778116,9.943077,94.488388,58.285069
2.6106770,5.024232,8.455123,-0.800860,9.867796,94.655190,59.280224
2.6198308,4.847061,8.501810,-0.895431,9.827338,95.227837,60.311626
2.6298599,4.774038,8.588001,-0.990002,9.875490,95.753479,60.930477
2.6400058,4.701015,8.667010,-1.040281,9.914575,96.022812,61.524448
2.6499820,4.617218,8.683769,-1.082179,9.894324,96.279213,62.000122
2.6600478,4.544195,8.667010,-1.139640,9.852185,96.642494,62.331558
2.6698728,4.430470,8.627506,-1.164779,9.768298,96.848289,62.818207
2.6802208,4.355053,8.586804,-1.182736,9.700441,97.003265,63.106800
2.6899698,4.259285,8.550891,-1.161188,9.623284,96.930450,63.521641
2.7005849,4.222175,8.610746,-1.121683,9.655562,96.671097,63.879539
2.7107890,4.261679,8.700529,-1.106121,9.751134,96.513374,63.903538
2.7198877,4.344279,8.755595,-1.079785,9.833572,96.304131,63.610691
2.7305629,4.418499,8.780735,-1.041478,9.884793,96.048004,63.288284
2.7398860,4.454412,8.741230,-0.994791,9.861060,95.789886,62.997223
2.7503469,4.425682,8.689755,-0.927753,9.795878,95.434540,63.010311
2.7599061,4.405331,8.676587,-0.843956,9.767414,94.956841,63.081898
2.7700548,4.367024,8.686164,-0.834379,9.757895,94.905243,63.308746
2.7801468,4.380192,8.768764,-0.845153,9.838271,94.928047,63.456856
2.7905400,4.424485,8.845378,-0.890643,9.930258,95.145760,63.425644
2.7998619,4.447230,8.892065,-0.960075,9.988414,95.515717,63.428776
2.8099980,4.429273,8.883685,-0.955287,9.972507,95.496902,63.499840
2.8199418,4.400543,8.866926,-0.958878,9.945180,95.532845,63.605381
2.8313558,4.389769,8.823831,-0.949301,9.901072,95.501892,63.550110
2.8399029,4.377798,8.785523,-0.930147,9.859803,95.413177,63.513073
2.8498418,4.390966,8.768764,-0.907402,9.848613,95.286446,63.400543
2.8598309,4.425682,8.754398,-0.909797,9.851593,95.298828,63.181664
2.8697951,4.479551,8.723274,-0.899023,9.847342,95.238167,62.818722
2.8805811,4.510676,8.694544,-0.893037,9.835588,95.209435,62.579994
2.8897090,4.540604,8.690952,-0.878672,9.844887,95.120552,62.415100
2.8996820,4.519056,8.655039,-0.908600,9.805974,95.316528,62.429585
2.9098938,4.462792,8.603564,-0.940921,9.737719,95.544937,62.583584
2.9196680,4.521450,8.620323,-0.907402,9.776342,95.325638,62.322517
2.9297547,4.623203,8.699332,-0.895431,9.892128,95.193497,62.011883
2.9397829,4.671088,8.693346,-0.916979,9.911316,95.308510,61.750080
2.9497590,4.611232,8.616732,-0.951695,9.819229,95.561928,61.846600
2.9602139,4.484340,8.547300,-0.932542,9.697179,95.518448,62.316257
2.9699628,4.413711,8.532935,-0.907402,9.649622,95.395782,62.649467
2.9798379,4.465186,8.586804,-0.889446,9.719167,95.250748,62.525318
2.9899199,4.550180,8.647857,-0.894234,9.812707,95.228630,62.248325
2.9998357,4.569334,8.688558,-0.915782,9.859437,95.329536,62.260006
3.0108979,4.481946,8.871715,-0.871489,9.977708,95.010811,63.197323
3.0198021,4.420894,8.884883,-0.812831,9.957215,94.682404,63.546223
3.0309360,4.374207,8.819042,-0.818817,9.878242,94.754761,63.618790
3.0401618,4.343082,8.787917,-0.828394,9.837483,94.830475,63.700932
3.0498910,4.338294,8.785523,-0.823605,9.832830,94.804764,63.719830
3.0597739,4.363432,8.811859,-0.842759,9.869076,94.898674,63.656433
3.0698130,4.329914,8.840590,-0.938527,9.888631,95.446121,63.905472
3.0798509,4.316746,8.892065,-0.992397,9.934181,95.733246,64.105263
3.0897939,4.304775,8.907627,-1.003170,9.944006,95.789955,64.206985
3.0997570,4.278439,8.841787,-1.029507,9.876342,95.983360,64.178200
3.1102147,4.253299,8.762778,-0.982820,9.789932,95.761681,64.108871
3.1197629,4.220978,8.757990,-0.976834,9.771042,95.737579,64.267914
3.1300857,4.282030,8.781932,-0.938527,9.815240,95.486969,64.006348
3.1398258,4.440047,8.753201,-0.985214,9.864239,95.732109,63.103672
3.1504481,4.550180,8.726865,-0.973243,9.889870,95.647507,62.462498
3.1607959,4.639963,8.747216,-0.939724,9.946161,95.421455,62.056274
3.1697779,4.726154,8.804677,-0.918176,10.035034,95.249741,61.774090
3.1798849,4.762067,8.863335,-0.831985,10.095949,94.726982,61.751877
3.1902120,4.835090,8.862138,-0.920571,10.137210,95.210266,61.383579
3.1997769,5.067328,8.790312,-0.985214,10.194020,95.546082,60.037952
3.2102828,5.175067,8.692149,-0.827197,10.149829,94.674706,59.231594
3.2198310,5.094861,8.590396,-0.621295,10.006924,93.559586,59.328327
3.2297971,4.994305,8.546103,-0.434548,9.907966,92.513710,59.698174
3.2398777,4.886566,8.531737,-0.353145,9.838383,92.057053,60.198009
3.2505488,4.981137,8.511387,-0.445322,9.871866,92.585503,59.662460
3.2602530,5.187038,8.449138,-0.513556,9.927589,92.965248,58.453682
3.2707930,5.353435,8.271967,-0.538695,9.867872,93.129379,57.089943
3.2800279,5.272032,8.015787,-0.349553,9.600488,92.086601,56.666836
3.2922540,5.115212,7.850587,-0.223858,9.372685,91.368584,56.912918
3.3058610,5.908890,8.579621,-0.372298,10.424178,92.046745,55.444344
3.3199558,6.953959,9.307459,-2.042254,11.796488,99.969498,53.235184
3.3299608,7.643489,9.576807,-2.862268,12.582954,103.148277,51.405758
3.3400619,7.097611,8.425196,0.300472,11.020449,88.437637,49.888313
3.3497710,6.842628,6.836643,1.352724,9.766837,82.038841,44.974930
3.3597617,6.629545,4.893748,0.180762,8.242106,88.743317,36.433727
3.3696680,6.958747,3.823540,-1.777695,8.136574,102.619888,28.786949
3.3797150,7.320271,3.367445,-2.117671,8.331303,104.725151,24.703205
3.3897829,7.443573,3.090914,-2.078167,8.323420,104.458405,22.550476
3.3997889,7.341819,3.039439,-2.813187,8.429384,109.495682,22.489061
3.4102058,6.834249,3.454833,-2.858677,8.174036,110.470589,26.817400
3.4197700,5.872977,4.364630,-2.296039,7.669005,107.421097,36.618683
3.4297678,5.003881,5.770026,-2.036268,7.904329,104.928551,49.067520
3.4398189,3.925294,7.542933,-2.334347,8.817762,105.351051,62.507820
3.4501059,1.941698,9.360131,-1.989582,9.764256,101.757019,78.280586
3.4604008,-0.043096,10.864887,-2.585738,11.168423,103.386711,90.227264
3.4701738,-1.060631,12.087128,-3.323152,12.580419,105.316612,95.014793
3.4801557,-0.602142,13.454216,-3.872621,14.013412,106.042542,92.562553
3.4904308,1.697489,16.885107,2.689886,17.182077,80.993195,84.259247
3.5004218,1.589750,17.554287,5.402516,18.435495,72.959373,84.825302
3.5100589,0.702698,16.832436,5.269638,17.652018,72.630730,87.609482
3.5212669,-0.611719,14.604630,2.577358,14.842917,80.000343,92.398445
3.5322809,-1.883040,12.162544,0.191536,12.308940,89.108398,98.800819
3.5499599,-2.463634,9.564836,-2.379837,10.159684,103.547012,104.443832
3.5608377,-1.382651,8.825027,-3.397372,9.556933,110.823341,98.904366
3.5700779,0.191536,8.305486,-3.776853,9.125919,114.447548,88.678917
3.5800169,1.861492,8.134300,-3.533842,9.062010,112.952148,77.110115
3.5899298,3.440468,8.227674,-2.885013,9.373087,107.926552,67.307365
3.5997968,4.769250,8.452729,-2.072181,9.924128,102.052177,60.567177
3.6106138,5.635951,8.573636,-1.234211,10.334140,96.859230,56.680752
3.6203048,6.033388,8.531737,-0.512359,10.462066,92.807068,54.733200
3.6306298,6.016629,8.408437,0.101754,10.339826,89.436150,54.414513
3.6398520,5.773617,8.329428,0.584185,10.151615,86.701035,55.271889
3.6508019,5.523423,8.425196,0.882263,10.112888,84.995071,56.751793
3.6602738,5.281609,8.708909,1.183933,10.253886,83.369736,58.764843
3.6707630,5.076905,9.120711,1.337162,10.523799,82.700226,60.898167
3.6799448,4.880580,9.497798,1.339556,10.762093,82.849861,62.802982
3.6899021,4.701015,9.695320,1.201889,10.841739,83.635246,64.132431
3.6998467,4.498705,9.619903,0.975637,10.664555,84.751007,64.937065
3.7099299,4.335899,9.418790,0.788889,10.398845,85.649178,65.281227
3.7199140,4.213795,9.200917,0.624887,10.139202,86.466576,65.393379
3.7301419,4.167108,9.071630,0.387861,9.990480,87.775047,65.328033
3.7411740,4.163517,8.996213,0.059855,9.913137,89.654045,65.164940
3.7498968,4.131195,8.835801,-0.341174,9.759844,92.003288,64.941475
3.7604179,4.058172,8.553286,-0.677559,9.491392,94.093636,64.617638
3.7706230,3.970783,8.128315,-0.974440,9.098690,96.147980,63.963913
3.7798541,3.991134,7.833828,-1.204283,8.874024,97.799606,63.002327
3.7899048,4.147954,7.802703,-1.577779,8.976475,100.123367,62.004677
3.8000219,4.352659,7.841011,-2.007538,9.190065,102.617805,60.964710
3.8111658,4.618415,7.668628,-2.625242,9.328960,106.344246,58.941635
3.8199458,4.978743,7.094019,-3.112462,9.208714,109.754517,54.937958
3.8300118,5.500679,6.347029,-3.183091,8.981888,110.756065,49.086025
3.8405020,6.094440,5.692214,-2.777274,8.789582,108.419586,43.045509
3.8509889,6.716933,5.380968,-2.060210,8.849660,103.462044,38.698391
3.8613679,7.401675,5.533000,-1.265336,9.327376,97.796684,36.779346
3.8699367,8.034941,6.056133,-0.616507,10.080531,93.506294,37.006237
3.8798478,8.470686,6.791153,-0.179565,10.858385,90.947540,38.719990
3.8899889,8.479065,7.831434,0.454898,11.551313,87.743073,42.726185
3.8998377,8.003817,8.628703,1.131260,11.823508,84.509605,47.151600
3.9099891,7.356185,9.006987,0.628478,11.646212,86.906578,50.760803
3.9200330,6.598420,9.111135,0.015562,11.249540,89.920738,54.087383
3.9299467,5.753267,9.440337,-0.162806,11.056517,90.843704,58.640430
3.9416890,3.872621,8.523358,-1.169568,9.434655,97.120995,65.565140
3.9499459,3.872621,8.523358,-1.169568,9.434655,97.120995,65.565140
3.9606860,3.454833,7.674613,-2.170344,8.691718,104.459908,65.764450
3.9702399,3.582923,7.237672,-2.102109,8.345064,104.589882,63.662838
3.9804499,5.549759,7.441179,0.926556,9.328959,84.299965,53.283787
3.9902918,6.794744,9.330204,2.560599,11.822771,77.491646,53.935928
4.0012126,7.886500,10.442310,2.868254,13.396478,77.636971,52.938263
4.0103426,8.304289,11.150994,2.551022,14.135543,79.602943,53.324471
4.0198531,7.593211,11.367670,1.812411,13.790054,82.447830,56.258446
4.0299439,6.285976,11.173739,0.982820,12.858145,85.616287,60.639332
4.0405149,4.958392,10.623073,0.909797,11.758531,85.562401,64.978867
4.0505786,4.055778,9.804255,0.612916,10.627720,86.693840,67.526329
4.0602498,3.721786,8.857349,-0.220267,9.610039,91.313362,67.208244
4.0707159,3.908534,8.003817,-1.456872,9.025530,99.289139,63.972179
4.0798697,4.547786,7.149086,-3.094506,9.020408,110.063179,57.538120
4.0900278,5.585672,6.108806,-3.896563,9.148795,115.208275,47.561325
4.1000376,6.594829,5.197812,-3.787627,9.211684,114.278755,38.243938
4.1107368,7.049727,4.419696,-2.662352,8.736159,107.743179,32.084896
4.1199088,6.613982,3.858256,-1.103727,7.736221,98.202377,30.257084
4.1300192,5.729325,3.740940,-0.746991,6.883152,96.230270,33.142368
4.1400142,4.886566,4.218584,-1.097741,6.548283,99.650520,40.804119
4.1504350,4.177882,5.330690,-1.259350,6.888898,100.533394,51.912731
4.1604977,2.965219,6.657078,-0.057461,7.287833,90.451752,65.990685
4.1698389,1.449689,8.039729,1.149217,8.249821,81.992538,79.778511
4.1805458,0.201113,9.994595,1.325191,10.084071,82.448677,88.847237
4.1899290,-0.362722,12.838906,0.969652,12.880578,85.682678,91.618279
4.1999798,0.179565,15.965734,1.029507,15.999900,86.310776,89.355629
4.2103038,1.713051,18.395849,1.810017,18.563889,84.404655,84.679863
4.2198997,3.041833,18.818426,1.792060,19.146732,84.629478,80.818062
4.2308459,3.596091,16.479290,0.599748,16.877754,87.963577,77.689964
4.2399411,3.189077,12.593501,-0.605733,13.005130,92.669601,75.789604
4.2496891,2.202666,9.363723,-0.958878,9.666980,95.692589,76.762749
4.2599578,1.290475,7.325060,-1.112107,7.520546,98.503845,80.008583
4.2697639,0.736217,6.281188,-1.413776,6.480286,102.601318,83.314873
4.2797470,0.791284,5.999869,-1.668759,6.277684,105.415916,82.486992
4.2902679,1.557428,6.393716,-1.656788,6.786025,104.131432,76.310081
4.2998018,2.901772,7.360973,-1.606509,8.073729,101.477310,68.485123
4.3100052,4.392163,8.487445,-1.590947,9.688082,99.451744,62.638912
4.3206038,5.676652,9.572019,-1.347936,11.210034,96.906166,59.330086
4.3297582,6.415264,10.324995,-0.905008,12.189347,94.257889,58.145935
4.3397822,6.556521,10.642226,-0.559046,12.512293,92.560814,58.363380
4.3499990,6.235698,10.554838,-0.347159,12.264137,91.622078,59.425808
4.3597741,5.579687,10.285490,-0.168791,11.702679,90.826424,61.520992
4.3702955,4.780024,9.975441,-0.058658,11.061712,90.303825,64.397232
4.3797541,4.046201,9.605537,0.079009,10.423259,89.565689,67.157410
4.3899498,3.567361,9.247604,0.299275,9.916341,88.270554,68.905357
4.4003081,3.360262,9.005790,0.600945,9.631030,86.422607,69.538330
4.4101329,3.380613,8.960299,0.992397,9.628102,84.083847,69.329117
4.4199877,3.517082,9.212888,1.490391,9.973386,81.405708,69.105309
4.4302158,3.629610,9.787497,1.827973,10.597672,80.067482,69.653130
4.4405246,3.616442,10.469844,1.764527,11.216498,80.948898,70.944313
4.4505639,3.536236,11.105505,0.499191,11.665607,87.547470,72.337387
4.4601779,3.265691,11.555614,0.499191,12.018576,87.619537,74.219368
4.4704471,2.607286,11.817780,-0.295684,12.105589,91.399612,77.558487
4.4798961,1.563414,12.069171,-0.295684,12.173602,91.391792,82.619133
4.4903870,-0.227449,12.835316,-0.973243,12.874170,94.335503,91.015205
4.4999018,-0.427365,13.098678,-1.306037,13.170564,95.690994,91.868706
4.5099311,-0.202310,13.068750,-1.476025,13.153396,96.443092,90.886894
4.5205760,0.233435,12.502522,-1.341950,12.576501,96.125290,88.930351
4.5300961,0.725443,11.573571,-0.963666,11.636256,94.750435,86.413338
4.5398335,1.047463,10.515334,-0.470461,10.577844,92.549133,84.311363
4.5502758,1.162385,9.721656,0.226252,9.793514,88.676224,83.181709
4.5607629,1.284489,9.896433,0.968455,10.026325,84.457092,82.604744
4.5706816,1.368286,10.509348,0.725443,10.622847,86.084175,82.581985
4.5800037,1.148020,10.486604,0.101754,10.549747,89.447365,83.752434
4.5899959,0.878672,10.393229,-1.619677,10.555313,98.826721,85.167549
4.6001868,-0.480037,9.556456,-1.856703,9.746981,100.981384,92.875648
4.6097879,-1.612495,8.452729,-2.341529,8.918045,105.222069,100.800331
4.6199679,-1.340753,7.206547,-3.693056,8.207960,116.739571,100.539185
4.6303034,1.043872,6.321889,-4.999093,8.126924,127.961174,80.623909
4.6400299,4.450821,6.221333,-5.707777,9.544291,126.728966,54.419586
4.6505451,8.293514,6.707356,-6.830657,12.666053,122.635223,38.964104
4.6598186,11.936293,7.340622,-6.236896,15.338144,113.993088,31.590828
4.6700768,14.678850,7.846996,-4.957195,17.367147,106.584862,28.127996
4.6804857,15.203181,6.783970,-0.697910,16.662714,92.400505,24.047405
4.6899095,13.611036,4.692636,3.573346,14.834081,76.061066,19.022501
4.6998944,11.208455,1.855506,6.246472,12.964983,61.197258,9.399794
4.7097807,8.932767,0.134075,6.524199,11.062435,53.859905,0.859910
4.7200952,7.431602,0.806846,4.948815,8.964958,56.494457,6.196309
4.7303219,6.637924,2.188300,2.098518,7.297566,73.287827,18.245649
4.7398400,5.843049,3.010709,-0.956484,6.642323,98.279282,27.260387
4.7500167,5.260061,3.306392,-3.143587,6.962945,116.838272,32.152828
4.7604980,5.430049,2.989161,-5.776011,8.472475,132.979630,28.832125
4.7699270,6.402095,2.603694,-7.590816,10.265795,137.682724,22.131287
4.7807670,7.346608,2.681506,-6.065710,9.897270,127.797096,20.052042
4.7901659,7.574057,3.222595,-2.529474,8.611022,107.082504,23.048691
4.7998319,7.475895,4.440047,-0.591368,8.715087,93.890831,30.706718
4.8097625,6.658275,6.496666,0.317232,9.308058,88.046898,44.296158
4.8198328,5.584476,9.522937,0.525527,11.052098,87.274559,59.611633
4.8299403,2.968810,12.911930,2.736573,13.528511,78.329575,77.051170
4.8401866,-1.665167,15.437813,5.644331,16.521420,70.023354,96.156288
4.8499479,-4.204218,17.764977,3.512294,18.590483,79.109673,103.314522
4.8603759,-3.764882,19.536686,0.851139,19.914339,87.550430,100.907661
4.8705559,-2.012326,21.193474,0.523133,21.295221,88.592346,95.423988
4.8803339,-0.351948,22.564154,2.339135,22.687803,84.082230,90.893608
4.8904238,0.591368,22.185869,3.797204,22.516245,80.291077,88.473137
4.9012132,0.508768,19.225439,3.482366,19.544903,79.736664,88.484123
4.9098010,-0.384269,15.261839,2.360683,15.448113,81.209984,91.442314
4.9201951,-1.748964,11.859678,1.148020,12.042790,84.529778,98.389030
4.9305725,-3.190274,9.211691,0.022745,9.748519,89.866318,109.102440
4.9399991,-4.211401,7.438785,-1.005565,8.607123,96.709152,119.515976
4.9500208,-4.467580,6.531382,-1.861492,8.129169,103.237572,124.372818
4.9600458,-3.952827,6.248867,-2.360683,7.761829,107.706436,122.316093
4.9699135,-2.814384,6.611588,-2.510320,7.611541,109.256912,113.058212
4.9808731,0.238223,8.738836,-2.166753,9.006598,103.920418,88.438492
4.9899468,1.632846,9.898827,-1.896208,10.210218,100.702919,80.633209
5.0000949,2.665944,10.676943,-1.646014,11.127161,98.506844,75.980385
5.0098109,3.380613,11.070788,-1.229423,11.640549,96.062630,73.019249
5.0198178,3.791218,11.226412,-0.468066,11.858530,92.262100,71.339905
5.0300860,3.915717,11.352107,0.737414,12.031082,86.486000,70.968994
5.0399661,3.849876,11.447875,1.878251,12.223062,81.160645,71.412407
5.0504570,3.721786,11.367670,2.767697,12.277450,76.971878,71.871498
5.0598116,3.626019,11.134235,3.293224,12.164067,74.292061,71.961441
5.0698938,3.642778,11.044453,3.666720,12.194040,72.500488,71.745956
5.0805917,3.681085,11.195287,3.742137,12.364805,72.383507,71.798790
5.0900197,3.414132,11.452663,3.632004,12.490446,73.095184,73.400253
5.0998878,2.820370,11.652579,3.046622,12.370085,75.741951,76.393898
5.1106086,1.924938,11.566388,2.486378,11.986193,78.027809,80.551140
5.1201215,1.049857,11.389217,2.015918,11.613802,80.003998,84.733360
5.1313949,0.543484,11.341333,1.680730,11.478068,81.579926,87.256447
5.1406970,0.568623,11.547235,1.236605,11.627172,83.894775,87.180847
5.1499887,0.901417,11.713632,0.730232,11.770937,86.443268,85.599503
5.1600041,1.082179,11.531672,0.355539,11.587795,88.241760,84.638832
5.1699820,0.891840,10.825383,0.050278,10.862174,89.734795,85.290367
5.1802678,0.573411,9.890448,-0.233435,9.909805,91.349777,86.681915
5.1899457,0.562637,9.185355,-0.429759,9.212600,92.673767,86.494797
5.1998100,0.799663,8.901642,-0.608127,8.958154,93.892540,84.866714
5.2098317,1.132457,8.473080,-0.800860,8.585855,95.352142,82.387329
5.2209020,1.343147,8.024167,-0.847547,8.179832,95.947334,80.497482
5.2309666,1.459266,7.621941,-0.847547,7.806521,96.232841,79.161545
5.2398100,1.523909,7.344213,-0.441730,7.513648,93.370384,78.277588
5.2499156,1.735796,7.776367,-0.092177,7.968273,90.662811,77.417038
5.2598410,2.033874,7.600393,-0.391452,7.877554,92.848320,75.018608
5.2698932,2.029086,7.842207,-1.010353,8.163223,97.109665,75.493477
5.2800021,1.634043,7.789535,-1.126472,8.038401,98.055733,78.152618
5.2900047,0.484826,8.309077,0.235829,8.326550,88.377022,86.660637
5.3000379,-0.436942,8.850166,1.606509,9.005401,79.723770,92.826454
5.3099508,-0.104148,9.301474,2.191892,9.556811,76.740967,90.641510
5.3198628,1.303643,9.010578,1.181539,9.180743,82.605667,81.767616
5.3298297,3.575740,8.148665,-0.563834,8.916534,93.625504,66.307510
5.3398767,6.251261,7.462727,-1.701080,9.882522,99.911697,50.048290
5.3500891,7.937976,7.454347,-1.301249,10.966859,96.814362,43.200352
5.3597407,8.259995,7.526173,-0.016759,11.174573,90.085930,42.338512
5.3698401,8.134300,7.442376,1.565808,11.135868,81.916885,42.456566
5.3800998,8.030152,7.366959,2.306813,11.138977,78.047905,42.533646
5.3901167,7.757214,6.892907,2.980781,10.796832,73.973663,41.623661
5.3996525,6.687006,5.688623,3.336320,9.391886,69.192192,40.387753
5.4099097,5.592855,4.216189,2.412158,7.407752,70.996483,37.010914
5.4201150,4.991910,3.056198,1.456872,6.031749,76.022911,31.476227
5.4306288,4.930859,2.668338,0.861913,5.672414,81.260162,28.420069
5.4406328,5.056554,2.847903,-0.397437,5.816979,93.917709,29.388657
5.4498320,4.982334,3.355474,-0.397437,6.020034,93.785370,33.959255
5.4604506,4.173094,4.996699,-2.302025,6.905145,109.473946,50.132374
5.4699812,3.649961,6.117185,-3.509900,7.941131,116.230911,59.176605
5.4797807,2.850297,7.928399,-3.391387,9.082137,111.926254,70.226250
5.4898696,2.261323,10.674548,-3.359065,11.416780,107.110878,78.039146
5.5000668,0.304064,13.585897,-0.125696,13.589881,90.529945,88.717888
5.5099478,-2.892196,15.422250,2.992752,15.973952,79.201706,100.621536
5.5199432,-4.565742,16.610971,1.902193,17.331726,83.698975,105.368958
5.5308819,-4.861426,17.298107,1.127669,18.003599,86.408882,105.697380
5.5405207,-4.138378,18.388666,1.830367,18.937250,84.453453,102.683136
5.5501332,-2.770091,20.271706,3.681085,20.788599,79.800728,97.781166
5.5599861,-1.637634,21.586123,5.275623,22.281713,76.304070,94.338440
5.5698452,-0.918176,20.588938,4.978743,21.202248,76.418900,92.553452
5.5804620,-0.605733,17.447744,3.278859,17.763491,79.363113,91.988335
5.5906496,-0.755371,14.170083,1.982399,14.328006,82.047142,93.051399
5.6000280,-1.086968,11.461043,1.064223,11.561557,84.718536,95.417740
5.6103168,-1.498770,9.423578,0.383072,9.549706,87.701050,99.036903
5.6198902,-1.837550,8.226477,-0.420182,8.439672,92.853745,102.591469
5.6299539,-1.997961,7.747637,-1.249773,8.098126,98.877861,104.460388
5.6400576,-1.794454,7.870938,-1.856703,8.283664,102.952332,102.843056
5.6501718,-1.356315,8.303091,-2.343924,8.733550,105.567978,99.277367
5.6601462,-0.811634,8.833407,-2.458845,9.205094,105.492836,95.249733
5.6698341,-0.136469,9.272743,-2.521094,9.610323,105.208473,90.843178
5.6800017,0.543484,9.391256,-2.291251,9.681989,103.688957,86.687912
5.6900897,1.077391,9.311050,-1.654393,9.518060,100.009781,83.399605
5.6999869,1.489193,9.204509,-0.823605,9.360502,95.047829,80.809776
5.7102079,1.782483,9.106346,0.032322,9.279215,89.800423,78.924911
5.7201185,2.008735,9.064447,0.891840,9.327090,84.513092,77.504845
5.7302947,2.203863,9.168595,1.680730,9.578362,79.893898,76.484177
5.7406569,2.331953,9.388862,2.106898,9.900896,77.713585,76.051453
5.7498102,2.491167,9.701305,2.179921,10.250526,77.721466,75.598366
5.7598205,2.606089,10.065224,1.982399,10.584438,79.205109,75.483757
5.7698159,2.747346,10.468647,1.605312,10.941549,81.563278,75.295143
5.7800760,2.803610,10.864887,1.265336,11.291903,83.566101,75.530853
5.7901969,2.797625,11.177331,0.960075,11.562057,85.236862,75.947876
5.8001089,2.543839,11.201273,0.763750,11.511861,86.195938,77.205002
5.8098736,2.029086,10.736797,0.738611,10.951783,86.132919,79.298210
5.8200068,1.456872,9.895236,0.695516,10.026062,86.022156,81.624535
5.8299580,1.116895,9.108741,0.593762,9.196150,86.298042,83.009407
5.8401847,0.998382,8.596381,0.615310,8.676009,85.933121,83.375359
5.8498211,1.246182,8.570045,0.582988,8.679776,86.148758,81.726532
5.8601871,1.441309,8.593987,0.622492,8.736217,85.913971,80.479446
5.8700294,1.534683,8.635885,0.615310,8.792746,85.987206,79.923164
5.8800578,1.634043,8.665813,0.575805,8.837305,86.264175,79.321579
5.8901529,1.793257,8.741230,0.634463,8.945805,85.932999,78.406662
5.9000435,2.155979,9.012972,0.707487,9.294216,85.634354,76.547157
5.9101501,2.539051,9.502586,0.671574,9.858850,86.094055,75.040283
5.9200368,2.804807,9.782708,0.571017,10.192860,86.788536,74.001839
5.9311147,2.832341,10.008960,1.033098,10.453168,84.328140,74.199516
5.9398489,2.759317,9.968259,1.186327,10.410927,83.456924,74.527359
5.9501901,2.291251,8.908825,0.908600,9.243514,84.358948,75.576752
5.9599147,2.233790,8.275558,0.780510,8.607199,84.797211,74.894363
5.9704866,2.324770,7.661446,0.531513,8.024014,86.201935,73.120239
5.9800787,2.553416,7.100005,0.339977,7.552853,87.420074,70.219597
5.9898748,2.952051,6.933608,0.197522,7.538470,88.498573,66.937653
6.0000467,3.632004,7.040150,0.328006,7.928603,87.629005,62.710854
6.0105462,4.290410,7.559692,0.978031,8.747177,83.580276,60.423458
6.0201759,4.799177,8.268375,1.570596,9.688391,80.670540,59.868023
6.0302992,5.355829,9.182961,1.436521,10.727314,82.304260,59.747742
6.0398359,6.096835,10.262746,0.234632,11.939447,88.873962,59.286537
6.0502830,6.360197,10.668563,-0.128090,12.421222,90.590851,59.198189
6.0609050,5.955577,10.418368,0.128090,12.001154,89.388466,60.245899
6.0702329,5.467160,9.803059,-0.187945,11.226090,90.959282,60.851620
6.0804615,4.383783,8.336611,1.017536,9.473754,83.834213,62.262489
6.0899816,3.652355,7.103596,1.559822,8.138416,78.950226,62.789780
6.0998249,3.916914,6.301539,1.046266,7.493083,81.973511,58.135719
6.1098995,4.582502,5.668272,0.639252,7.316917,84.987892,51.046272
6.1199617,5.337873,5.058948,0.582988,7.377378,85.467545,43.463245
6.1310987,6.124368,4.278439,-0.106542,7.471564,90.817047,34.937870
6.1398931,6.497863,3.736152,-1.070208,7.571420,98.125877,29.898108
6.1498575,6.501455,3.776853,-2.092532,7.804628,105.552086,30.153343
6.1604300,5.853823,4.305972,-2.336741,7.633413,107.825562,36.337559
6.1700206,4.782418,5.160702,-1.869871,7.280164,104.882919,47.178757
6.1801391,3.576937,6.332664,-1.261744,7.381674,99.841850,60.540531
6.1900368,3.108871,8.036138,-0.732626,8.647619,94.859917,68.850471
6.2003698,1.247379,10.011354,2.152387,10.315810,77.956787,82.897751
6.2097907,-1.134852,11.950658,4.169502,12.707906,70.846321,95.424622
6.2196980,-2.466028,14.111424,3.928885,14.854283,74.663048,99.912567
6.2297788,-3.333926,16.747440,3.687071,17.469582,77.815720,101.258728
6.2404761,-3.353080,19.511547,3.294421,20.069799,80.552246,99.751091
6.2498097,-1.731008,21.880610,2.254141,22.064421,84.136330,94.523331
6.2597499,-0.071826,22.539015,1.764527,22.608093,85.523598,90.182587
6.2698479,0.946907,20.493170,1.732205,20.588034,85.173630,87.354477
6.2799368,1.064223,16.654066,1.938106,16.800200,83.375488,86.343674
6.2900586,0.363919,12.983756,1.316811,13.055434,84.211128,88.394493
6.3006139,-0.754174,10.074800,0.271742,10.106643,88.459274,94.281029
6.3099589,-1.938106,8.025364,-0.605733,8.278263,94.196167,103.576836
6.3200231,-2.698265,6.764817,-1.382651,7.413171,100.749344,111.745445
6.3303308,-2.595315,6.288371,-1.978808,7.084839,106.218536,112.426750
6.3400178,-1.863886,6.451177,-2.455254,7.149827,110.084183,106.115166
6.3509002,-0.818817,7.149086,-2.668338,7.674628,110.345665,96.533875
6.3599048,0.178368,8.002619,-2.686294,8.443335,108.551422,88.723160
6.3699498,0.997185,8.743625,-2.656367,9.192477,106.796410,83.493698
6.3802948,1.582567,9.301474,-2.505532,9.762153,104.871834,80.344070
6.3901038,1.897405,9.649830,-2.161964,10.069431,102.398262,78.876083
6.4001226,2.026692,9.853337,-1.661576,10.195910,99.379036,78.377167
6.4099407,2.080561,9.901221,-1.096544,10.176705,96.185654,78.132988
6.4205446,2.164358,9.788693,0.272939,10.028831,88.440475,77.532043
6.4302568,2.418144,9.731233,0.272939,10.030892,88.440796,76.045044
6.4399748,2.874239,9.831789,1.495179,10.351854,81.695389,73.704170
6.4507866,4.080917,10.320207,1.860295,11.252610,80.484108,68.424683
6.4610686,4.544195,10.388441,1.958457,11.506736,80.200500,66.374084
6.4699845,4.580108,10.269928,1.965640,11.415452,80.084763,65.964432
6.4814215,4.268862,10.070012,1.865083,11.095353,80.322876,67.027023
6.4900174,3.722984,9.906010,1.567005,10.697904,81.577133,69.402237
6.5013819,2.967613,9.791088,1.215057,10.302839,83.227104,73.138298
6.5100079,2.201468,9.749189,0.788889,10.025742,85.486938,77.275429
6.5205641,1.574188,9.667787,0.275333,9.798978,88.389885,80.751801
6.5306907,1.205481,9.576807,-0.058658,9.652557,90.348183,82.825630
6.5404201,1.138443,9.599552,-0.191536,9.668720,91.135094,83.236694
6.5502696,1.370680,9.641450,-0.197522,9.740397,91.161957,81.908745
6.5603766,1.623269,9.658210,0.074220,9.793954,89.565796,80.459389
6.5699239,1.977611,9.710882,0.222661,9.912706,88.712906,78.489182
6.5811448,2.285265,9.630676,0.301669,9.902695,88.254311,76.651161
6.5898910,2.469619,9.440337,0.390255,9.765821,87.709778,75.339798
6.6000609,2.674323,9.403227,0.477643,9.787789,87.202858,74.123993
6.6100149,2.853889,9.747993,1.061828,10.212518,84.031990,73.681725
6.6200266,2.802413,9.587581,1.333570,10.077382,82.395569,73.706558
6.6300030,2.846706,9.653421,0.969652,10.111010,84.496841,73.569695
6.6402202,2.875436,9.112331,0.304064,9.560082,88.177368,72.486679
6.6500249,2.643199,8.352173,0.032322,8.760498,89.788605,72.439064
6.6599197,2.044648,7.921216,-0.148441,8.182194,91.039513,75.526566
6.6698408,1.635240,7.660248,-0.330400,7.839807,92.415382,77.949890
6.6799631,1.739388,7.650671,-0.446519,7.858602,93.257248,77.191475
6.6899481,2.300828,7.863756,-0.420182,8.204207,92.935715,73.691246
6.6997852,3.093309,8.066066,-0.632069,8.661957,94.184631,69.018349
6.7104359,4.124012,8.185776,-1.055843,9.226549,96.571053,63.260929
6.7207470,5.328296,8.159439,-1.568202,9.870483,99.141777,56.854568
6.7307792,6.392519,8.097190,-1.606509,10.440768,98.851204,51.709835
6.7405357,7.173028,8.242040,-0.835576,10.958181,94.373131,48.967026
6.7499065,7.775170,8.681376,-0.128090,11.654868,90.629707,48.151901
6.7600107,7.794323,8.836999,0.907402,11.818096,85.596451,48.587376
6.7698746,7.466318,8.631097,1.921347,11.572956,80.443481,49.138603
6.7808867,7.192182,8.491036,1.626860,11.245971,81.682320,49.734322
6.7898932,7.151481,8.317456,0.654814,10.988746,86.583748,49.310532
6.7998228,7.026982,8.307879,-0.300472,10.885294,91.581764,49.774746
6.8099241,6.489484,7.957129,-0.046687,10.267983,90.260513,50.800835
6.8205585,5.693412,7.144298,0.899023,9.179552,84.379585,51.448067
6.8300891,5.413290,6.136339,0.617704,8.206091,85.683044,48.582249
6.8402939,5.291186,5.026627,-0.338780,7.306052,92.657745,43.531200
6.8499117,5.086482,4.256891,-1.857901,6.888048,105.648094,39.926056
6.8607044,5.169082,3.925294,-3.550601,7.398250,118.680466,37.212284
6.8708425,5.439626,4.167108,-4.079720,7.974863,120.768623,37.454468
6.8802381,5.442020,4.695030,-3.762488,8.112657,117.631294,40.785542
6.8905039,5.209783,5.465962,-2.354697,7.909689,107.319382,46.374630
6.8998628,4.720169,6.672640,-1.115698,8.249176,97.773056,54.724739
6.9109378,0.527921,9.849746,2.012326,10.067058,78.469345,86.932030
6.9199338,0.527921,9.849746,2.012326,10.067058,78.469345,86.932030
6.9298258,-2.699462,11.409568,2.269703,11.942231,79.043900,103.311203
6.9399762,-6.173449,16.163256,-0.591368,17.312193,91.957550,110.904030
6.9499559,-5.292383,18.769344,-0.930147,19.523390,92.730759,105.746834
6.9600458,-2.446874,20.774488,0.705092,20.929972,88.069443,96.717499
6.9703918,-0.132878,21.217415,3.142390,21.449265,81.575653,90.358818
6.9815121,0.878672,18.789696,3.428497,19.120129,79.670227,87.322601
6.9904118,0.063446,14.682442,2.572570,14.906248,80.061951,89.752411
7.0000744,-1.559822,11.273099,1.760935,11.515932,81.204224,97.877815
7.0107856,-2.801216,8.992621,0.949301,9.466532,84.244720,107.301895
7.0201306,-3.205836,7.636306,-0.099359,8.282537,90.687347,112.773399
7.0298395,-2.653973,7.070077,-0.990002,7.616408,97.468597,110.575180
7.0399346,-1.337162,7.100005,-1.608904,7.401800,102.554405,100.665726
7.0508227,0.270545,7.587225,-2.223016,7.910814,106.320480,87.957817
7.0631666,1.793257,8.429984,-2.585738,8.998136,106.700195,77.990837
7.0798960,4.097676,10.156203,-2.328361,11.196459,102.002541,68.027634
7.0899515,4.513070,10.490194,-2.026692,11.598252,100.063591,66.721756
7.1005988,4.351461,10.342952,-1.683124,11.346576,98.530602,67.182655
7.1099296,3.915717,10.035296,-1.176750,10.836270,96.234253,68.684547
7.1213689,3.405752,9.761160,-0.617704,10.356687,93.419319,70.765686
7.1300030,2.983175,9.512163,-0.094571,9.969430,90.543518,72.587692
7.1399436,2.724602,9.355343,0.417788,9.752971,87.544868,73.762604
7.1509442,2.577358,9.255983,0.773327,9.639193,85.398361,74.439964
7.1603508,2.595315,9.255983,0.878672,9.653028,84.777390,74.336868
7.1704140,2.858677,9.348161,0.808043,9.808826,85.274666,72.996315
7.1798701,3.195062,9.604341,0.615310,10.140532,86.521255,71.599335
7.1901784,3.541024,9.927557,0.371101,10.546704,87.983551,70.369377
7.2001677,3.568558,10.206482,0.226252,10.814715,88.801239,70.728516
7.2107730,3.069367,10.234015,0.065841,10.684587,89.646927,73.305061
7.2200327,2.163161,10.081984,-0.086191,10.311794,90.478912,77.890373
7.2298627,1.228225,9.927557,-0.266953,10.006807,91.528671,82.947273
7.2401185,0.492008,9.807847,-0.628478,9.840270,93.661858,87.128174
7.2503266,0.063446,9.659407,-1.028310,9.714195,96.076508,89.623665
7.2605720,0.027533,9.516952,-1.234211,9.596686,97.389160,89.834236
7.2699456,0.365116,9.497798,-1.234211,9.584610,97.398529,87.798508
7.2798128,1.027112,9.555259,-1.101333,9.673203,96.537529,83.864731
7.2898698,1.820790,9.721656,-0.735020,9.917970,94.250084,79.391846
7.3001094,2.598906,10.001778,-0.354342,10.339992,91.963860,75.434135
7.3100858,3.245340,10.184934,-0.082600,10.689805,90.442726,72.325974
7.3200107,3.608062,10.134656,0.475249,10.768250,87.470467,70.403648
7.3299737,3.847482,10.192117,0.881066,10.929713,85.376251,69.318687
7.3397608,3.772065,9.792285,0.937330,10.535460,84.895699,68.932922
7.3498425,3.942053,9.934740,0.617704,10.706092,86.692398,68.357079
7.3599696,4.072537,9.800665,0.806846,10.643758,85.652542,67.435318
7.3697467,3.345897,9.403227,1.569399,10.103401,81.063843,70.413200
7.3798451,2.167950,8.723274,1.472434,9.108435,80.696968,76.043335
7.3901420,1.559822,8.192958,0.944513,8.393433,83.538826,79.220703
7.3998141,1.708263,8.088810,0.098162,8.267808,89.319717,78.075020
7.4097247,2.713828,8.197746,-0.542287,8.652282,93.593399,71.683105
7.4198017,4.436456,8.428787,-1.083376,9.586464,96.488914,62.240120
7.4298668,6.101623,8.237251,-1.078588,10.307545,96.006462,53.471344
7.4396486,7.346608,7.937976,-0.173580,10.817311,90.919434,47.215694
7.4497628,7.077260,7.844602,0.630872,10.584110,86.582825,47.943787
7.4597654,7.053318,7.800309,1.437718,10.614196,82.215218,47.878990
7.4697714,7.140707,7.863756,2.086547,10.825064,78.886597,47.758888
7.4798446,7.114370,7.873333,1.977611,10.794191,79.443176,47.898926
7.4897170,6.676231,7.566875,1.531092,10.206562,81.372459,48.578133
7.4997234,6.408081,7.515399,0.553061,9.891946,86.794914,49.547092
7.5100460,6.646304,7.949947,-1.110910,10.421571,96.119194,50.103748
7.5196996,5.874174,7.760805,-1.161188,9.802263,96.803299,52.877827
7.5297060,5.005079,6.938396,-0.968455,8.609881,96.458397,54.194843
7.5397377,4.850653,5.688623,-1.954866,7.727274,104.654076,49.545982
7.5497208,5.066131,4.644751,-3.135207,7.554398,114.520416,42.515350
7.5600338,5.280412,4.152743,-3.125630,7.409291,114.951622,38.183033
7.5705700,5.055357,4.018668,-2.381034,6.882997,110.238564,38.482330
7.5801105,5.166687,4.124012,-2.480393,7.060771,110.566368,38.596615
7.5898418,5.467160,4.532224,-3.154361,7.770514,113.950035,39.658409
7.5999780,5.385756,5.008670,-2.885013,7.900408,111.418213,42.922348
7.6099062,4.911705,5.597643,-2.379837,7.818061,107.722214,48.734360
7.6201077,3.853468,6.593631,-1.332373,7.752445,99.896263,59.697018
7.6298137,1.996764,8.066066,-0.143652,8.310783,90.990410,76.095886
7.6399980,-0.913388,9.836577,1.616086,10.010208,80.709290,95.305061
7.6498728,-3.319561,12.169727,1.533486,12.707215,83.068741,105.257507
7.6599226,-4.311957,15.199590,-0.293290,15.802105,91.063477,105.838058
7.6698499,-3.916914,18.713081,-1.344344,19.165827,94.022186,101.822144
7.6804519,-2.038663,22.126015,0.820014,22.234861,87.886475,95.264297
7.6899037,-0.606930,23.967155,5.991490,24.712160,75.968750,91.450615
7.6998200,0.041899,22.403742,8.535329,23.974596,69.144302,89.892845
7.7098308,-0.235829,17.994820,6.879739,19.266550,69.078896,90.750839
7.7199607,-1.810017,13.427880,4.598064,14.308261,71.254974,97.676933
7.7300897,-3.585317,10.123882,2.732981,11.082269,75.723091,109.501320
7.7405038,-4.677073,7.985860,0.848745,9.293510,84.760071,120.356194
7.7499967,-4.933253,6.855796,-0.974440,8.502262,96.581100,125.737808
7.7607794,-4.131195,6.701371,-2.313996,8.205469,106.379997,121.652596
7.7699838,-2.418144,7.190985,-2.987964,8.153871,111.496674,108.586472
7.7800980,-0.463278,8.194156,-3.110068,8.776750,110.753799,93.235924
7.7898164,1.568202,9.513360,-2.995146,10.096246,107.257072,80.639420
7.7998800,3.469198,10.630256,-2.707842,11.505220,103.612709,71.925835
7.8099298,4.861426,11.244369,-2.130840,12.434217,99.867424,66.619087
7.8199887,5.594052,11.360487,-1.452083,12.746083,96.541557,63.783764
7.8299999,5.627571,11.146206,-0.839168,12.514459,93.844902,63.211399
7.8400722,5.051765,10.747571,-0.251391,11.878292,91.212692,64.824699
7.8506436,4.182671,10.273520,0.120907,11.092996,89.375496,67.847229
7.8605270,3.394978,9.852140,0.367510,10.427157,87.980164,70.986412
7.8701067,2.783259,9.539697,0.665588,9.959686,86.168167,73.735100
7.8800354,2.463634,9.161413,0.890643,9.528600,84.636703,74.948425
7.8906322,2.422932,8.851364,0.940921,9.225106,84.145897,74.691132
7.8998718,2.473210,8.725668,0.948104,9.118824,84.032051,74.175110
7.9103851,2.439692,9.460688,0.910994,9.812574,84.673019,75.539795
7.9197941,2.345121,10.071210,0.609324,10.358578,86.627731,76.892029
7.9300385,1.885434,10.395624,0.335188,10.570535,88.182861,79.720123
7.9397359,1.028310,10.602722,0.019154,10.652488,89.896980,84.460472
7.9498277,0.003591,10.618284,-0.287304,10.622171,91.549904,89.980621
7.9601245,-0.791284,10.577583,-0.629675,10.625813,93.397278,94.278191
7.9699898,-1.067814,10.517728,-0.985214,10.617602,95.324173,95.797096
7.9796581,-0.667982,10.676943,-1.069011,10.751097,95.706505,93.579933
7.9899845,0.184354,10.755951,-1.106121,10.814249,95.870689,89.018066
8.0001316,0.767342,10.372879,-0.829591,10.434254,94.560196,85.769211
8.0103521,1.048660,9.846154,-0.420182,9.910751,92.429878,83.920654
8.0197725,1.270124,9.321824,0.675165,9.432151,85.895187,82.241074
8.0300808,1.720234,8.993818,1.007959,9.212164,83.718346,79.171906
8.0406017,2.032677,8.082825,1.252167,8.428034,81.455833,75.883919
8.0503664,2.308010,8.365341,1.234211,8.765223,81.905411,74.575737
8.0598125,1.588553,8.095993,3.120842,8.820899,69.280029,78.898758
8.0700150,0.178368,8.626308,4.631583,9.792680,61.773144,88.815453
8.0798054,-0.403423,9.261970,3.290830,9.837500,70.456711,92.494049
8.0898991,0.960075,8.877700,-0.630872,8.951720,94.041267,83.827759
8.0997171,3.177106,7.971495,-4.273650,9.586596,116.474174,68.269836
8.1097918,5.977125,7.307104,-5.790377,11.074667,121.523544,50.717239
8.1197615,7.966706,7.187394,-4.424485,11.606166,112.409180,42.056110
8.1296921,8.590396,7.354988,-2.105700,11.503248,100.547623,40.569717
8.1398869,8.634688,7.332242,-1.352724,11.408308,96.809784,40.336624
8.1498966,8.265982,6.708553,-0.542287,10.659513,92.916092,39.062294
8.1599236,6.925229,4.947618,1.195904,8.594644,82.001610,35.543301
8.1697855,5.197812,3.102885,2.444480,6.528448,68.010597,30.835510
8.1808519,3.676297,2.457648,3.262100,5.495133,53.584660,33.763199
8.1901503,3.151967,3.219004,3.369839,5.626073,53.203964,45.602863
8.2011194,3.530250,4.838682,3.298013,6.837573,61.161865,53.885910
8.2099113,4.390966,6.596025,1.459266,8.057145,79.565315,56.348343
8.2199287,5.204995,7.472303,-2.036268,9.331328,102.604416,55.140026
8.2300863,5.792771,7.588422,-5.163096,10.853475,118.405525,52.642986
8.2400618,6.338649,7.770381,-6.019023,11.695552,120.973534,50.794331
8.2499762,6.666655,8.007407,-4.797980,11.470984,114.725479,50.220554
8.2600670,6.308722,8.204929,-2.100912,10.560998,101.474464,52.443531
8.2702742,5.629965,8.582016,0.417788,10.272393,87.669083,56.734364
8.2798510,4.143166,9.436746,2.311602,10.562267,77.358231,66.296310
8.2898808,2.480393,10.976217,1.526304,11.356025,82.275803,77.266243
8.3001671,-0.378284,12.459426,1.479617,12.552675,83.230659,91.739037
8.3104105,-2.576161,13.590686,-0.512359,13.842177,92.121254,100.733269
8.3200703,-2.924517,15.543158,-1.106121,15.854528,94.000595,100.655884
8.3306818,-2.784456,19.106926,1.477222,19.365175,85.625092,98.291359
8.3402882,-3.736152,22.316355,5.431247,23.269657,76.502396,99.504181
8.3498907,-4.906917,22.139183,5.680243,23.377050,75.937286,102.496986
8.3602276,-7.181408,19.057846,4.893748,20.945713,76.488556,110.647491
8.3697586,-9.702502,14.944607,3.126827,18.090242,80.046661,122.992882
8.3798122,-11.274296,11.342530,1.613692,16.073792,84.238213,134.827133
8.3899736,-10.827777,9.379285,-0.131681,14.325818,90.526665,139.100098
8.3998089,-9.223662,8.534132,-2.303222,12.775452,100.386360,137.223663
8.4096937,-6.725313,8.243237,-4.848258,11.691296,114.499771,129.209564
8.4201632,-1.148020,9.721656,-4.766856,10.888134,115.963776,96.734802
8.4301748,0.885855,10.332177,-4.514267,11.310050,113.524284,85.099586
8.4398699,2.472013,10.370484,-4.422091,11.541780,112.528175,76.592598
8.4501200,3.756502,9.896433,-4.371812,11.452661,112.440819,69.214165
8.4598589,4.648343,9.089587,-3.877410,10.920714,110.796562,62.915161
8.4705248,5.244499,8.257602,-3.284845,10.319058,108.561836,57.579895
8.4797726,5.638345,7.742848,-2.064999,9.798308,102.166344,53.937881
8.4898539,5.926847,7.565677,-0.804452,9.644382,94.784683,51.925346
8.5000334,6.064513,7.746439,0.687136,9.861937,86.004646,51.943409
8.5099964,6.311116,8.088810,1.842338,10.423687,79.819756,52.037647
8.5200624,6.904878,8.322245,2.530671,11.105917,76.828476,50.317867
8.5309477,7.396886,8.487445,3.253720,11.719102,73.880455,48.927551
8.5410509,7.587225,8.740033,4.332308,12.358117,69.478203,49.038746
8.5505056,7.390901,9.147048,4.844667,12.718675,67.609955,51.061462
8.5604162,6.731298,9.603143,4.684256,12.628261,68.226746,54.971565
8.5700417,5.442020,9.969456,4.231751,12.120782,69.565773,61.371227
8.5807962,3.919308,10.171766,3.473987,11.440908,72.323273,68.927704
8.5899105,2.377442,10.336966,2.647987,10.932380,75.982689,77.047546
8.6000795,1.131260,10.527305,1.550246,10.700801,81.670135,83.866554
8.6099482,0.610521,10.681731,0.138864,10.700066,89.256401,86.728783
8.6204939,0.754174,10.466252,-1.551443,10.607459,98.410225,85.878525
8.6299219,1.193510,9.919178,-2.840720,10.386734,105.872353,83.138962
8.6398993,1.659182,9.006987,-3.414132,9.774200,110.444527,79.562523
8.6515388,2.164358,7.937976,-3.314772,8.870379,111.943375,74.748535
8.6599169,2.683900,7.377733,0.470461,7.864832,86.570618,70.009430
8.6699362,2.601300,10.995371,-0.099359,11.299328,90.503830,76.689613
8.6800146,-1.794454,11.069592,0.555455,11.227842,87.164352,99.207924
8.6899452,-2.804807,8.998607,-9.343372,13.271792,134.748993,107.311920
8.7000046,-2.098518,7.903260,-12.889185,15.264218,147.608261,104.870361
8.7100220,-2.391808,5.385756,-10.216059,11.793853,150.022186,113.945946
8.7198534,-2.049437,3.289633,-3.436877,5.180154,131.565048,121.922844
8.7300053,0.047884,3.284845,1.863886,3.777111,60.431175,89.164841
8.7398453,2.664747,4.899734,4.349067,7.072669,52.054493,61.460201
8.7499094,4.978743,6.999449,4.375403,9.639726,63.006271,54.575569
8.7602434,7.034164,9.022549,3.434482,11.944938,73.290092,52.059288
8.7700653,8.632295,10.722432,2.983175,14.084970,77.772232,51.163548
8.7799625,9.057265,11.913548,3.196259,15.303031,77.944183,52.756115
8.7902546,7.997831,12.712014,3.397372,15.398141,77.253654,57.823734
8.8005629,6.143522,12.923901,3.017891,14.624559,78.091011,64.575394
8.8104839,4.353856,12.706028,2.466028,13.655787,79.596176,71.085434
8.8202438,2.804807,12.035652,1.866280,12.498275,81.412300,76.881836
8.8299913,1.581370,11.243171,1.276109,11.425325,83.587181,81.993774
8.8398523,0.879869,10.398018,0.691924,10.458093,86.206451,85.163216
8.8507051,0.587777,9.653421,-0.025139,9.671331,90.148933,86.515678
8.8604317,0.361524,9.174581,-1.029507,9.239238,96.397621,87.743423
8.8737316,0.123301,9.081207,-2.006341,9.301018,102.457298,89.222107
8.8899374,-0.014365,9.495404,-3.076549,9.981386,107.952515,90.086678
8.8998423,0.809240,9.544485,-2.637213,9.935138,105.393280,85.153702
8.9098473,1.450886,9.442732,-1.816002,9.724614,100.762756,81.264755
8.9197245,2.248155,9.445126,-1.001973,9.760561,95.892097,76.611427
8.9297857,3.087323,9.442732,-0.371101,9.941552,92.139252,71.894722
8.9399481,3.807978,9.495404,0.020351,10.230534,89.886024,68.147545
8.9502993,4.368221,9.516952,0.180762,10.473127,89.011047,65.345177
8.9605131,4.681861,9.358934,0.277727,10.468362,88.479752,63.423225
8.9699049,4.667496,9.059659,0.509965,10.204068,87.135353,62.742676
8.9798574,4.505888,8.856153,0.757765,9.965374,85.639030,63.033642
8.9898987,4.357447,8.802282,0.845153,9.858083,85.081879,63.662930
9.0010958,4.290410,8.845378,0.721852,9.857453,85.800529,64.124512
9.0101690,4.277241,9.038112,0.436942,10.008655,87.497879,64.674377
9.0199175,4.268862,9.331401,-0.050278,10.261616,90.280731,65.417198
9.0298634,4.151546,9.483433,-0.611719,10.370392,93.381668,66.357727
9.0401516,3.811569,9.463082,-0.991199,10.249901,95.549362,68.061256
9.0502596,3.398569,9.348161,-1.204283,10.019416,96.903358,70.021019
9.0599346,3.066972,9.147048,-1.318008,9.737143,97.779366,71.463882
9.0700960,2.823961,8.985439,-1.326388,9.511686,98.015915,72.553009
9.0798807,2.709039,8.906430,-1.276109,9.396374,97.805389,73.081985
9.0904627,2.823961,8.914810,-1.165976,9.423804,97.107231,72.423264
9.1004210,3.076549,9.088389,-1.145625,9.663148,96.808777,71.298309
9.1098461,2.972401,8.842984,-1.483208,9.446345,99.033615,71.420906
9.1200933,2.932897,8.986636,-0.841562,9.490508,95.087334,71.925285
9.1301794,3.213019,9.113529,-0.933739,9.708335,95.519188,70.579651
9.1400347,3.402161,9.021352,-0.944513,9.687703,95.595001,69.337379
9.1503839,3.509900,8.998607,-0.805649,9.692440,94.768005,68.691765
9.1600142,3.596091,9.074024,-0.769736,9.790928,94.509087,68.381279
9.1702099,3.569755,9.107543,-0.788889,9.813910,94.610687,68.597015
9.1799078,3.572149,9.184157,-0.921768,9.897407,95.343826,68.746613
9.1900015,3.468001,9.380483,-0.784101,10.031714,94.482941,69.710449
9.2003870,3.548207,9.561244,-0.787692,10.228765,94.416580,69.639954
9.2103233,4.005499,9.423578,-1.018733,10.290076,95.681671,66.972046
9.2199516,4.102465,8.901642,-0.536301,9.816163,93.131889,65.256630
9.2299242,4.043807,8.306683,0.052672,9.238838,89.673347,64.042549
9.2408323,4.224569,8.306683,-0.116119,9.319948,90.713875,63.043262
9.2501535,4.431667,8.871715,-0.677559,9.940125,93.908546,63.456600
9.2602282,4.698621,9.737218,-1.303643,10.889901,96.875435,64.240723
9.2701178,4.520253,10.083180,-1.806425,11.196712,99.284409,65.853477
9.2806635,4.013879,9.868899,-2.064999,10.852218,100.969337,67.867439
9.2899714,3.520674,9.485827,-2.053028,10.324291,101.469955,69.637543
9.3000278,2.718616,8.711303,-1.719037,9.286160,100.668022,72.667946
9.3106670,3.129222,8.856153,-1.818396,9.567133,100.956696,70.539711
9.3202248,3.600879,9.129091,-1.411382,9.914567,98.184105,68.473740
9.3299513,3.928885,9.332599,-1.167173,10.192930,96.575256,67.169632
9.3398476,3.979163,9.248801,-1.112107,10.129701,96.303024,66.720909
9.3502073,3.869030,8.980651,-1.128866,9.843568,96.585205,66.692734
9.3600140,3.732560,8.690952,-1.115698,9.524151,96.727310,66.757607
9.3705130,3.761291,8.604761,-0.999579,9.443960,96.075752,66.389023
9.3807507,4.104859,8.889671,-0.987608,9.841315,95.759514,65.214584
9.3899679,4.104859,8.889671,-1.217452,9.867031,97.087547,65.214584
9.4003925,4.015076,9.050082,-1.406593,10.000167,98.085869,66.075493
9.4099360,3.861847,9.039309,-1.531092,9.948226,98.853355,66.866463
9.4198332,3.799598,8.987833,-1.581370,9.885283,99.205284,67.083832
9.4303608,3.744531,8.967483,-1.543063,9.839629,99.022438,67.336159
9.4399080,3.667917,8.968679,-1.460463,9.799172,98.571266,67.756935
9.4501181,3.517082,8.957906,-1.352724,9.718220,98.001244,68.563873
9.4602451,3.511097,8.926781,-1.532289,9.714068,99.075691,68.529205
9.4712029,3.512294,8.951921,-1.486799,9.730553,98.789055,68.577400
9.4805021,3.663129,9.003395,-1.485602,9.832937,98.689766,67.860519
9.4899588,3.861847,9.026140,-1.428141,9.920920,98.276627,66.836266
9.5001717,3.961207,9.020155,-1.351527,9.943892,97.811546,66.291290
9.5108051,3.995923,8.945934,-1.258153,9.878263,97.317398,65.930893
9.5199375,4.088099,8.875306,-1.189918,9.843756,96.942924,65.268494
9.5298834,4.197036,8.874108,-1.170765,9.886132,96.801208,64.688049
9.5398178,4.192247,8.944737,-1.146823,9.944771,96.622032,64.888306
9.5502272,4.100070,9.145850,-1.213860,10.096069,96.905434,65.853378
9.5600433,4.325125,9.676167,-1.404199,10.691430,97.546959,65.915955
9.5706844,4.760870,10.321404,-1.820790,11.511409,99.100845,65.237923
9.5812120,4.394557,9.915586,-1.990779,11.026976,100.401047,66.097229
9.5912657,3.648763,8.997410,-1.691504,9.855356,99.882774,67.925728
9.6003017,3.288436,8.477868,-1.295263,9.185083,98.106766,68.799484
9.6099157,3.337517,8.400057,-1.069011,9.101800,96.744987,68.331047
9.6201296,3.500323,8.384495,-0.986411,9.139202,96.196114,67.340652
9.6304865,3.703830,8.501810,-1.010353,9.328448,96.217834,66.459557
9.6407824,3.762488,8.651448,-1.080982,9.495915,96.536522,66.495926
9.6499596,3.779247,8.811859,-1.146823,9.656437,96.820686,66.786385
9.6599197,3.882198,9.035717,-1.294066,9.919186,97.496231,66.749207
9.6697865,4.084508,9.239224,-1.414973,10.200422,97.973618,66.150574
9.6800098,4.243722,9.324219,-1.391031,10.338530,97.732498,65.528343
9.6902590,4.314352,9.302670,-1.321599,10.339243,97.343842,65.119278
9.6999435,4.299986,9.230844,-1.265336,10.261552,97.083076,65.022575
9.7099457,4.325125,9.121908,-1.221043,10.168917,96.896492,64.632172
9.7204075,4.286818,8.984241,-1.088165,10.013866,96.238411,64.491920
9.7300158,4.218584,8.929175,-1.027112,9.928825,95.937729,64.711639
9.7398310,4.064157,8.866926,-0.998382,9.804923,95.844246,65.375633
9.7501507,3.870227,8.803479,-1.039083,9.672621,96.166916,66.268524
9.7602119,3.683479,8.756793,-1.188721,9.574054,97.132286,67.186310
9.7701082,3.533842,8.740033,-1.376666,9.527404,98.308060,67.985130
9.7800703,3.399766,8.769960,-1.474828,9.520805,98.911331,68.810661
9.7899885,3.274071,8.761581,-1.416170,9.459936,98.609650,69.510040
9.7997627,3.227384,8.789114,-1.359907,9.461178,98.264061,69.836647
9.8097563,3.281253,8.851364,-1.386243,9.541224,98.354065,69.659958
9.8197546,3.412935,8.944737,-1.368286,9.671021,98.133675,69.115257
9.8299627,3.554192,9.006987,-1.320402,9.772490,97.765228,68.465614
9.8398209,3.596091,9.015367,-1.203086,9.780395,97.065849,68.253700
9.8500061,3.514688,8.983045,-1.156399,9.715214,96.836113,68.631683
9.8601160,3.452439,8.996213,-1.170765,9.706795,96.927475,69.004906
9.8704576,3.778050,8.948329,-0.958878,9.760415,95.637917,67.110168
9.8799067,3.989937,8.725668,-0.760159,9.624694,94.529945,65.427071
9.8899698,4.096479,8.585608,-0.766145,9.543624,94.604553,64.492638
9.9006042,4.034230,8.754398,-0.822408,9.674236,94.876610,65.258652
9.9104309,3.951630,9.159019,-1.513135,10.089231,98.625496,66.662369
9.9197140,3.681085,9.283517,-2.084153,10.201851,101.788033,68.370766
