Keuwl Accelerometer Data File
2019-06-26 16-16-02

Time (s), X (m/s2), Y (m/s2), Z (m/s2), R (m/s2), Theta (deg), Phi (deg)
0.0000000,5.066131,8.058883,-1.243788,9.599910,97.444305,57.844917
0.0100500,5.237316,8.115147,-1.338359,9.750708,97.889183,57.162796
0.0199190,5.434838,8.097190,-0.958878,9.799050,95.615616,56.130470
0.0300610,5.658696,8.000225,-0.469264,9.810435,92.741684,54.727577
0.0398930,5.702989,7.717709,0.071826,9.596472,89.571159,53.537510
0.0498790,6.028600,7.811083,0.912191,9.909042,84.718079,52.339012
0.0599130,6.848614,8.002619,1.395820,10.625146,82.451263,49.443203
0.0699370,7.156269,8.288726,1.668759,11.077000,81.335358,49.193531
0.0798500,6.941988,8.021772,1.673547,10.739682,81.035156,49.127308
0.0899950,6.758832,7.739257,1.485602,10.381951,81.773041,48.868706
0.1000370,6.845023,8.093599,1.222240,10.670265,83.422539,49.777702
0.1099910,6.382942,7.920019,0.675165,10.194336,86.202553,51.133789
0.1199450,5.857414,7.762002,0.237026,9.726981,88.603683,52.960819
0.1303100,5.506664,7.694964,-0.137667,9.463339,90.833534,54.411766
0.1399520,5.334281,7.736863,-0.395043,9.405831,92.407120,55.415169
0.1505850,5.201403,7.795521,-0.454898,9.382520,92.778992,56.287605
0.1599280,5.122395,7.888895,-0.525527,9.420710,93.197861,57.003647
0.1700190,5.159505,7.999028,-0.561440,9.535206,93.375572,57.177315
0.1801690,5.149928,8.069656,-0.514753,9.586766,93.077927,57.454620
0.1904780,5.407305,7.802703,-0.276530,9.497241,91.668510,55.277885
0.1999300,5.515044,8.271967,0.239420,9.944771,88.620468,56.308018
0.2104730,5.124789,8.098388,-0.061052,9.583897,90.364990,57.673721
0.2213810,5.416882,7.697359,-0.059855,9.412519,90.364349,54.864700
0.2302610,5.882554,7.551312,0.159214,9.573510,89.047089,52.081024
0.2399320,6.135142,7.606379,0.414197,9.781029,87.572975,51.111095
0.2500430,6.227319,7.766790,0.434548,9.964505,87.500565,51.277782
0.2599790,6.212954,7.976283,0.138864,10.111437,89.213112,52.083961
0.2702480,6.058527,8.105570,-0.033519,10.119641,90.189781,53.223637
0.2801520,5.843049,8.072051,-0.113725,9.965549,90.653862,54.100658
0.2905850,5.701791,7.969100,-0.019154,9.798844,90.111992,54.416756
0.3000030,5.640739,7.899669,0.105345,9.707410,89.378212,54.471359
0.3108100,5.668272,7.890092,0.180762,9.716766,88.934059,54.306389
0.3199660,5.746084,7.920019,0.262165,9.788407,88.465248,54.038593
0.3299500,5.797559,7.906851,0.366313,9.811431,87.860344,53.749924
0.3400930,5.888539,7.866150,0.468066,9.837190,87.272758,53.181755
0.3500890,6.036980,7.862558,0.511162,9.926038,87.048126,52.482456
0.3600820,6.227319,7.921216,0.556652,10.091334,86.837883,51.827099
0.3713150,6.355408,8.013393,0.538695,10.241869,86.985001,51.582127
0.3799730,6.369773,8.042124,0.421380,10.267781,87.647980,51.618977
0.3903360,6.268020,7.975086,0.317232,10.148434,88.208687,51.834419
0.3999620,6.159084,7.849391,0.324414,9.982610,88.137680,51.880226
0.4100430,6.062119,7.702147,0.289698,9.805930,88.307053,51.794823
0.4199320,5.960365,7.631518,0.363919,9.690122,87.847717,52.009464
0.4307500,5.973533,7.621941,0.617704,9.703538,86.350220,51.913185
0.4399600,6.070498,7.653066,0.344765,9.774417,87.978630,51.578152
0.4500290,5.931635,7.756016,0.248997,9.767399,88.539223,52.592018
0.4598390,5.771223,7.808689,0.057461,9.710094,89.660942,53.532742
0.4702550,5.714960,7.842207,-0.058658,9.703835,90.346344,53.917538
0.4809030,5.723339,7.874529,-0.062249,9.734921,90.366379,53.989723
0.4906010,5.774815,7.922413,-0.015562,9.803742,90.090950,53.910904
0.5000820,5.817910,7.957129,0.059855,9.857361,89.652092,53.827335
0.5099010,5.841852,7.989451,0.152032,9.898569,89.119965,53.825890
0.5205910,5.904101,7.964312,0.256180,9.917374,88.519806,53.449734
0.5307640,5.946000,7.806294,0.347159,9.819046,87.973846,52.703728
0.5402850,5.955577,7.806294,0.415394,9.827497,87.577469,52.659271
0.5502650,6.028600,7.811083,0.444124,9.876956,87.422783,52.339012
0.5599670,6.096835,7.867347,0.465672,9.964106,87.321304,52.225948
0.5708870,6.101623,7.911640,0.452504,10.001431,87.406830,52.359837
0.5803260,6.095637,7.905654,0.391452,9.990465,87.754433,52.366058
0.5907620,6.052542,7.851785,0.350751,9.920020,87.973724,52.373196
0.6002110,6.005855,7.805098,0.342371,9.854291,88.008957,52.422489
0.6103520,5.959168,7.759608,0.331597,9.789441,88.058853,52.476715
0.6210750,5.928043,7.742848,0.275333,9.755470,88.382698,52.561779
0.6303909,5.893328,7.746439,0.232238,9.736147,88.633186,52.736889
0.6412870,5.863400,7.785944,0.184354,9.748557,88.916420,53.017509
0.6503699,5.877765,7.831434,0.108936,9.792413,89.362595,53.110489
0.6600580,5.913678,7.831434,0.073023,9.813678,89.573662,52.942787
0.6710210,5.892130,7.814674,0.114922,9.787724,89.327248,52.984333
0.6805200,5.872977,7.829040,0.164003,9.788392,89.039970,53.124496
0.6907100,5.917270,7.839813,0.153229,9.823453,89.106247,52.955524
0.7000660,5.928043,7.820660,0.172383,9.814995,88.993652,52.837948
0.7102979,5.910087,7.803900,0.204704,9.791419,88.802055,52.862450
0.7219870,5.916072,7.805098,0.193930,9.795768,88.865623,52.838768
0.7318830,5.931635,7.825448,0.197522,9.821453,88.847633,52.838127
0.7404910,5.956774,7.833828,0.202310,9.843422,88.822327,52.750961
0.7504519,5.991490,7.833828,0.227449,9.865017,88.678864,52.590420
0.7601430,6.038177,7.836222,0.276530,9.896586,88.398834,52.384064
0.7710400,6.058527,7.836222,0.302867,9.909786,88.248634,52.290817
0.7800620,6.059724,7.842207,0.312443,9.915548,88.194283,52.306507
0.7906850,6.033388,7.837419,0.299275,9.895275,88.266869,52.410267
0.8000430,6.022614,7.806294,0.322020,9.864777,88.129333,52.349545
0.8105100,6.040571,7.779958,0.356736,9.856141,87.925766,52.173267
0.8209100,6.083666,7.815871,0.393846,9.912313,87.722870,52.103760
0.8308780,6.102820,7.868544,0.387861,9.965382,87.769440,52.202946
0.8404810,6.088455,7.874529,0.322020,9.958976,88.147034,52.289402
0.8501900,6.032191,7.858967,0.274136,9.910895,88.414993,52.491772
0.8599780,5.942409,7.829040,0.244209,9.831873,88.576714,52.800724
0.8707630,5.866991,7.845799,0.228646,9.799512,88.663033,53.211315
0.8813379,5.908890,7.898471,0.146046,9.865199,89.151749,53.199635
0.8904769,5.920861,7.948750,0.113725,9.912222,89.342621,53.318329
0.9001920,5.908890,7.977480,0.106542,9.928067,89.385124,53.472790
0.9104440,5.914876,7.977480,0.088585,9.931455,89.488930,53.445038
0.9200320,5.919664,7.941567,0.100556,9.905605,89.418350,53.299061
0.9306080,5.914876,7.875727,0.156820,9.850757,89.087837,53.092499
0.9400110,5.906496,7.814674,0.209493,9.797944,88.774849,52.917244
0.9501290,5.904101,7.751228,0.252588,9.746986,88.515045,52.703518
0.9602680,5.983110,7.710526,0.266953,9.763251,88.433182,52.189735
0.9705100,6.016629,7.686584,0.328006,9.766831,88.075439,51.948147
0.9811450,6.002264,7.712921,0.341174,9.779198,88.000679,52.109627
0.9903730,6.030994,7.769185,0.296881,9.839779,88.271034,52.178841
1.0001420,6.020220,7.819463,0.245406,9.871539,88.575485,52.407253
1.0100149,5.963956,7.849391,0.232238,9.860813,88.650467,52.772480
1.0202360,5.960365,7.876924,0.248997,9.880986,88.556015,52.885681
1.0302960,5.993884,7.908048,0.247800,9.925989,88.569473,52.839790
1.0398610,5.983110,7.921216,0.263362,9.930389,88.480293,52.935261
1.0508140,5.975927,7.959524,0.215478,9.955508,88.759789,53.101158
1.0601070,5.968745,7.951144,0.203507,9.944245,88.827370,53.105267
1.0709050,5.928043,7.930793,0.183156,9.903168,88.940269,53.222927
1.0799730,5.887342,7.881712,0.142455,9.838825,89.170395,53.241653
1.0901650,5.905299,7.827842,0.101754,9.806020,89.405449,52.969215
1.1006000,5.923255,7.772776,0.116119,9.773150,89.319229,52.690735
1.1102300,5.910087,7.756016,0.191536,9.753031,88.874718,52.692589
1.1211680,5.938818,7.830236,0.265756,9.831215,88.450996,52.821617
1.1304860,6.027403,7.897274,0.241814,9.937555,88.605659,52.648197
1.1401060,6.042965,7.916428,0.203507,9.961359,88.829384,52.643879
1.1501410,6.019023,7.862558,0.162806,9.903280,89.058037,52.564865
1.1605049,5.998672,7.796718,0.141258,9.838334,89.177322,52.425880
1.1710709,5.981913,7.741651,0.191536,9.785353,88.878433,52.307018
1.1811950,5.954380,7.752425,0.246603,9.778320,88.554886,52.473331
1.1909990,5.955577,7.800309,0.253785,9.817236,88.518684,52.638077
1.2003480,5.971139,7.880515,0.234632,9.889998,88.640579,52.848454
1.2101690,5.991490,7.949947,0.193930,9.956767,88.883965,52.996437
1.2213329,6.041768,7.996634,0.175974,10.023975,88.994102,52.927532
1.2305770,6.050148,7.994239,0.169988,10.027016,89.028618,52.881073
1.2404170,6.030994,7.960721,0.186748,9.989036,88.928780,52.852650
1.2499950,6.017826,7.893683,0.216675,9.928313,88.749481,52.679562
1.2599829,5.996278,7.842207,0.287304,9.876139,88.332985,52.597889
1.2700970,5.961562,7.820660,0.365116,9.840541,87.873657,52.682312
1.2801250,5.963956,7.830236,0.363919,9.849559,87.882568,52.705025
1.2902189,6.013038,7.851785,0.288501,9.893957,88.329056,52.554459
1.3002440,6.025009,7.825448,0.233435,9.878909,88.645996,52.406422
1.3104960,6.003461,7.807492,0.174777,9.850331,88.983337,52.442024
1.3207630,6.020220,7.784747,0.154426,9.842215,89.100983,52.283951
1.3313390,6.041768,7.782352,0.134075,9.853220,89.220337,52.176304
1.3400949,6.021417,7.783550,0.169988,9.842256,89.010376,52.274174
1.3500710,5.992687,7.789535,0.184354,9.829707,88.925369,52.428005
1.3610829,5.975927,7.770381,0.191536,9.804449,88.880623,52.437382
1.3706319,5.946000,7.767987,0.160412,9.783776,89.060555,52.567780
1.3801720,5.925649,7.802703,0.168791,9.799183,89.013031,52.785675
1.3904110,5.985504,7.846996,0.174777,9.870773,88.985443,52.664467
1.4001039,6.011840,7.906851,0.211887,9.935061,88.777946,52.753071
1.4107701,6.040571,7.935582,0.198719,9.975041,88.858498,52.721581
1.4201080,6.045359,7.911640,0.184354,9.958634,88.939285,52.616211
1.4299940,6.046556,7.874529,0.215478,9.930533,88.756668,52.480690
1.4400010,6.025009,7.842207,0.269348,9.893104,88.439880,52.465660
1.4505949,6.002264,7.806294,0.298078,9.851612,88.266151,52.443298
1.4602449,5.962759,7.742848,0.304064,9.777456,88.217903,52.400169
1.4701080,5.955577,7.734468,0.302867,9.766402,88.222916,52.403561
1.4801849,5.968745,7.756016,0.308852,9.791685,88.192459,52.419445
1.4900270,5.967548,7.806294,0.293290,9.830356,88.290321,52.603775
1.5002310,5.995081,7.836222,0.199916,9.868503,88.839226,52.582298
1.5104640,5.989096,7.833828,0.146046,9.862021,89.151482,52.601467
1.5200330,5.929241,7.835025,0.143652,9.826706,89.162392,52.882988
1.5307480,5.923255,7.854179,0.179565,9.838969,88.954269,52.978107
1.5401160,5.975927,7.832631,0.179565,9.853632,88.955826,52.658077
1.5501629,5.940014,7.773973,0.248997,9.786748,88.542107,52.616920
1.5601920,5.924452,7.759608,0.241814,9.765712,88.581123,52.638306
1.5700771,5.908890,7.770381,0.227449,9.764504,88.665260,52.749279
1.5801520,5.929241,7.805098,0.220267,9.804282,88.712662,52.777420
1.5908650,5.965154,7.826645,0.219069,9.843141,88.724716,52.686810
1.6006570,5.981913,7.832631,0.235829,9.858448,88.629265,52.630413
1.6102710,5.991490,7.862558,0.244209,9.888247,88.584831,52.691582
1.6199570,6.008249,7.888895,0.227449,9.918944,88.686050,52.706795
1.6305099,5.991490,7.869741,0.222661,9.893450,88.710396,52.716801
1.6399509,5.966351,7.838616,0.268151,9.854601,88.440750,52.723480
1.6500419,5.954380,7.821857,0.300472,9.834956,88.249260,52.719837
1.6600009,5.975927,7.799112,0.277727,9.829292,88.380890,52.539516
1.6706539,5.965154,7.751228,0.295684,9.785295,88.268417,52.419006
1.6799929,5.944803,7.739257,0.293290,9.763339,88.278580,52.470833
1.6904010,5.975927,7.756016,0.271742,9.794965,88.410240,52.386135
1.7002100,6.002264,7.809886,0.245406,9.853005,88.572807,52.456032
1.7108150,5.989096,7.851785,0.232238,9.877941,88.652809,52.664745
1.7202009,5.997475,7.891289,0.192733,9.913591,88.886024,52.764725
1.7300680,6.004658,7.888895,0.203507,9.916248,88.824059,52.723305
1.7402580,5.980716,7.875727,0.233435,9.891942,88.647781,52.787476
1.7500669,5.957971,7.849391,0.239420,9.857367,88.608238,52.800186
1.7600579,5.973533,7.821857,0.247800,9.845098,88.557716,52.631115
1.7704130,5.995081,7.788338,0.259771,9.831922,88.486000,52.412685
1.7807089,5.995081,7.770381,0.274136,9.818094,88.400009,52.348743
1.7907320,6.002264,7.803900,0.256180,9.848536,88.509460,52.434807
1.8013629,6.052542,7.837419,0.195127,9.904366,88.871132,52.322453
1.8108640,6.084864,7.841011,0.198719,9.927059,88.852982,52.187443
1.8200330,6.070498,7.813477,0.243011,9.897496,88.593086,52.155415
1.8304850,6.034585,7.799112,0.269348,9.864833,88.435410,52.268982
1.8401589,6.023811,7.785944,0.250194,9.847326,88.544113,52.271679
1.8505030,6.004658,7.782352,0.272939,9.833383,88.409470,52.347168
1.8601620,6.010643,7.807492,0.298078,9.857668,88.267212,52.408913
1.8704931,6.019023,7.821857,0.266953,9.873264,88.450645,52.421242
1.8800240,6.013038,7.837419,0.211887,9.880620,88.771217,52.503799
1.8910760,5.984307,7.827842,0.185551,9.855023,88.921173,52.602451
1.9001309,5.962759,7.819463,0.221464,9.836033,88.709846,52.672539
1.9104180,5.936423,7.826645,0.233435,9.826087,88.638718,52.820087
1.9201119,5.935226,7.862558,0.226252,9.853827,88.684326,52.951866
1.9301920,5.938818,7.902063,0.205901,9.887090,88.806717,53.073204
1.9400749,5.944803,7.920019,0.180762,9.904548,88.954269,53.107941
1.9506760,5.962759,7.896077,0.180762,9.896222,88.953392,52.941551
1.9600290,5.995081,7.846996,0.226252,9.877628,88.687500,52.620285
1.9710829,5.990293,7.795521,0.304064,9.835964,88.228508,52.460335
1.9800469,5.979519,7.769185,0.345962,9.809922,87.978958,52.416477
1.9901220,5.979519,7.760805,0.318429,9.802353,88.138420,52.386585
2.0000620,5.965154,7.729680,0.292093,9.768128,88.286453,52.341888
2.0102420,5.947197,7.730877,0.265756,9.757369,88.439270,52.429691
2.0203431,5.925649,7.764396,0.233435,9.770039,88.630905,52.649773
2.0299499,5.950788,7.817069,0.166397,9.825789,89.029663,52.719585
2.0399499,5.989096,7.856573,0.130484,9.879881,89.243271,52.681587
2.0500629,6.003461,7.864953,0.156820,9.895636,89.091972,52.644852
2.0600340,6.039374,7.867347,0.153229,9.919308,89.114883,52.488327
2.0705290,6.020220,7.829040,0.183156,9.877776,88.937546,52.441147
2.0799921,5.975927,7.762002,0.216675,9.798333,88.732887,52.407501
2.0907989,5.968745,7.708132,0.245406,9.751997,88.558022,52.247810
2.1000679,5.965154,7.694964,0.257377,9.739701,88.485756,52.217075
2.1109798,5.999869,7.754819,0.247800,9.808009,88.552261,52.271038
2.1200628,6.070498,7.809886,0.216675,9.894050,88.745148,52.142651
2.1306598,6.120777,7.894880,0.215478,9.991971,88.764313,52.214142
2.1402559,6.155493,7.936779,0.180762,10.045657,88.968964,52.204075
2.1508510,6.145916,7.929596,0.160412,10.033769,89.083961,52.222153
2.1604421,6.089652,7.872135,0.166397,9.953998,89.042168,52.275517
2.1704881,6.044162,7.793127,0.204704,9.864412,88.810921,52.203701
2.1800840,6.027403,7.729680,0.257377,9.805294,88.495888,52.053825
2.1911609,5.998672,7.716512,0.292093,9.778238,88.288223,52.139175
2.2001150,5.980716,7.741651,0.278924,9.786721,88.366829,52.312569
2.2104299,6.023811,7.794323,0.215478,9.853132,88.746902,52.301502
2.2200420,6.077681,7.829040,0.160412,9.912507,89.072754,52.177822
2.2301259,6.047753,7.864953,0.141258,9.922336,89.184288,52.441525
2.2400599,5.974730,7.882909,0.122104,9.892046,89.292740,52.840248
2.2505698,5.947197,7.875727,0.111330,9.869580,89.353683,52.942451
2.2607360,5.920861,7.875727,0.125696,9.853906,89.269119,53.064671
2.2706659,5.893328,7.885303,0.156820,9.845502,89.087349,53.226254
2.2799978,5.866991,7.870938,0.165200,9.818378,89.035919,53.299183
2.2903628,5.914876,7.876924,0.143652,9.851513,89.164497,53.096680
2.2999849,5.948394,7.858967,0.141258,9.857318,89.178909,52.878193
2.3103180,5.950788,7.846996,0.209493,9.850437,88.781380,52.825054
2.3206310,5.963956,7.873333,0.253785,9.880412,88.528152,52.856503
2.3300169,5.991490,7.879318,0.266953,9.902164,88.455170,52.750381
2.3400409,5.978322,7.885303,0.250194,9.898532,88.551643,52.832050
2.3503261,5.951985,7.886500,0.231040,9.883137,88.660461,52.957943
2.3600969,5.959168,7.888895,0.234632,9.889459,88.640503,52.933079
2.3700008,5.987898,7.908048,0.219069,9.921700,88.734818,52.867344
2.3800728,5.990293,7.927202,0.227449,9.938605,88.688644,52.923012
2.3906729,6.001067,7.923611,0.238223,9.942492,88.627060,52.860981
2.4004788,5.996278,7.870938,0.253785,9.898052,88.530777,52.698940
2.4103601,5.957971,7.821857,0.269348,9.836229,88.430862,52.703186
2.4206798,5.904101,7.806294,0.264559,9.791151,88.451668,52.898846
2.4307530,5.899313,7.833828,0.228646,9.809334,88.664368,53.018196
2.4403398,5.922058,7.878121,0.186748,9.857507,88.914482,53.067467
2.4506180,5.941212,7.955932,0.140061,9.930482,89.191864,53.248909
2.4607930,5.984307,7.979874,0.096965,9.974955,89.443024,53.132851
2.4702110,5.961562,7.963115,0.117316,9.948125,89.324310,53.179749
2.4800889,5.972336,7.922413,0.165200,9.922738,89.046059,52.989071
2.4905000,5.975927,7.857770,0.210690,9.874241,88.777367,52.746578
2.5002959,5.946000,7.789535,0.281319,9.803617,88.355652,52.644352
2.5099950,5.914876,7.740454,0.289698,9.745989,88.296638,52.614712
2.5199900,5.912481,7.710526,0.281319,9.720534,88.341591,52.518776
2.5305011,5.926847,7.735666,0.260968,9.748648,88.466026,52.541695
2.5401170,5.929241,7.794323,0.219069,9.795681,88.718536,52.739292
2.5502219,5.951985,7.867347,0.135272,9.866082,89.214401,52.890930
2.5601258,5.912481,7.946355,0.147243,9.905740,89.148300,53.348927
2.5704379,5.881356,7.981071,0.120907,9.914761,89.301277,53.613010
2.5799820,5.888539,7.964312,0.120907,9.905543,89.300629,53.522049
2.5906780,5.869385,7.911640,0.149638,9.852214,89.129745,53.429497
2.6001029,5.850232,7.843405,0.155623,9.786135,89.088821,53.281513
2.6106629,5.858612,7.819463,0.202310,9.772833,88.813820,53.158184
2.6204259,5.881356,7.833828,0.237026,9.798744,88.613914,53.102097
2.6300888,5.906496,7.861362,0.245406,9.836052,88.570343,53.081276
2.6405499,5.936423,7.892486,0.227449,9.878471,88.680664,53.050926
2.6502330,5.991490,7.881712,0.209493,9.902687,88.787811,52.758766
2.6600189,5.999869,7.854179,0.221464,9.886132,88.716385,52.623505
2.6700747,5.960365,7.831434,0.220267,9.844076,88.717873,52.725883
2.6799629,5.965154,7.842207,0.216675,9.855467,88.740234,52.741665
2.6903770,5.973533,7.835025,0.219069,9.854882,88.726234,52.677593
2.7000160,5.968745,7.842207,0.231040,9.857967,88.657043,52.725052
2.7112069,5.951985,7.830236,0.225055,9.838160,88.689201,52.760502
2.7200809,5.963956,7.809886,0.179565,9.828293,88.953133,52.633129
2.7305388,5.971139,7.815871,0.172383,9.837279,88.995934,52.621037
2.7405958,5.960365,7.862558,0.168791,9.867840,89.019897,52.835346
2.7501848,5.975927,7.874529,0.147243,9.886436,89.146637,52.805382
2.7605450,5.954380,7.862558,0.125696,9.863583,89.269836,52.863056
2.7701497,5.947197,7.846996,0.160412,9.847346,89.066620,52.841705
2.7800918,5.930438,7.861362,0.204704,9.849518,88.809128,52.969902
2.7903450,5.930438,7.896077,0.222661,9.877637,88.708336,53.091209
2.8002408,5.937620,7.890092,0.233435,9.877418,88.645790,53.037029
2.8107178,5.936423,7.870938,0.266953,9.862254,88.448914,52.975651
2.8199480,5.966351,7.887698,0.274136,9.893849,88.412262,52.895695
2.8302889,5.983110,7.892486,0.248997,9.907116,88.559822,52.835079
2.8400791,5.963956,7.891289,0.226252,9.894059,88.689674,52.919304
2.8514938,5.940014,7.878121,0.219069,9.868969,88.728058,52.984119
2.8604569,5.919664,7.876924,0.203507,9.855443,88.816803,53.074413
2.8700159,5.911284,7.861362,0.156820,9.837117,89.086571,53.058975
2.8802319,5.890934,7.836222,0.168791,9.804997,89.013618,53.065735
2.8900030,5.886145,7.844602,0.229843,9.810061,88.657471,53.117512
2.9005499,5.901707,7.874529,0.270545,9.844367,88.425186,53.149616
2.9104359,5.917270,7.888895,0.234632,9.864268,88.637032,53.127319
2.9200230,5.943606,7.882909,0.225055,9.875088,88.694107,52.984203
2.9300690,5.919664,7.857770,0.233435,9.840806,88.640755,53.007397
2.9400780,5.928043,7.849391,0.231040,9.839106,88.654465,52.939041
2.9503510,5.969942,7.881712,0.220267,9.889899,88.723808,52.858170
2.9606659,5.961562,7.899669,0.219069,9.899140,88.731934,52.959614
2.9704571,5.937620,7.916428,0.221464,9.898192,88.717949,53.128716
2.9801488,5.967548,7.906851,0.223858,9.908584,88.705444,52.957005
2.9899869,5.968745,7.898471,0.234632,9.902869,88.642349,52.922260
3.0007160,5.960365,7.879318,0.237026,9.882600,88.625679,52.894058
3.0099709,5.943606,7.837419,0.260968,9.839700,88.480225,52.824680
3.0200379,5.956774,7.831434,0.275333,9.843288,88.397133,52.742523
3.0301878,5.973533,7.843405,0.269348,9.862791,88.435089,52.707119
3.0398679,5.949591,7.860164,0.271742,9.861727,88.421005,52.876842
3.0509920,5.914876,7.863756,0.202310,9.842019,88.822159,53.050640
3.0599549,5.911284,7.858967,0.166397,9.835361,89.030609,53.050591
3.0699787,5.881356,7.844602,0.199916,9.806533,88.831886,53.139896
3.0802050,5.881356,7.839813,0.223858,9.803221,88.691528,53.123104
3.0903699,5.901707,7.884106,0.220267,9.850776,88.718742,53.183033
3.0999820,5.922058,7.898471,0.207098,9.874184,88.798203,53.138439
3.1100399,5.942409,7.924808,0.229843,9.907957,88.670738,53.135643
3.1199448,5.965154,7.947553,0.246603,9.940194,88.578423,53.109394
3.1300049,5.963956,7.965509,0.231040,9.953466,88.669930,53.176975
3.1399910,5.940014,7.970297,0.204704,9.942400,88.820251,53.303986
3.1518819,5.936423,7.971495,0.203507,9.941190,88.827011,53.324707
3.1603429,5.981913,7.941567,0.214281,9.944732,88.765343,53.011448
3.1699388,5.995081,7.929596,0.222661,9.943293,88.716866,52.909309
3.1799300,5.971139,7.903260,0.214281,9.907670,88.760719,52.927910
3.1904299,5.940014,7.850587,0.204704,9.846695,88.808784,52.887646
3.2002039,5.929241,7.779958,0.226252,9.784418,88.674988,52.688351
3.2103958,5.913678,7.747637,0.284910,9.750828,88.325630,52.645943
3.2200150,5.887342,7.726089,0.332794,9.719259,88.037773,52.692310
3.2300808,5.871779,7.742848,0.324414,9.722898,88.087914,52.825184
3.2401929,5.895722,7.793127,0.305261,9.776786,88.210762,52.891460
3.2509389,5.907693,7.813477,0.254982,9.798790,88.508888,52.907436
3.2609479,5.863400,7.820660,0.205901,9.776736,88.793243,53.139927
3.2700820,5.838261,7.862558,0.159214,9.794410,89.068581,53.404652
3.2803919,5.851429,7.914034,0.094571,9.842769,89.449486,53.521751
3.2899618,5.844246,7.937976,0.051475,9.857450,89.700798,53.638054
3.3012018,5.808333,7.948750,0.044293,9.844863,89.742218,53.843544
3.3112471,5.840655,7.947553,0.090980,9.863322,89.471497,53.687840
3.3201830,5.893328,7.941567,0.167594,9.890799,89.029106,53.421398
3.3302300,5.928043,7.928399,0.246603,9.902627,88.573029,53.214630
3.3402109,5.948394,7.916428,0.312443,9.907111,88.192749,53.078846
3.3510079,5.967548,7.909245,0.313640,9.912930,88.186890,52.965343
3.3602889,5.965154,7.858967,0.294487,9.870823,88.290382,52.800591
3.3705649,5.904101,7.799112,0.280122,9.785858,88.359673,52.873466
3.3805287,5.871779,7.819463,0.278924,9.782617,88.366150,53.096436
3.3901758,5.858612,7.873333,0.264559,9.817469,88.455818,53.346760
3.4006131,5.834670,7.945158,0.231040,9.860137,88.657333,53.707634
3.4109299,5.840655,8.022970,0.171185,9.925251,89.011742,53.945698
3.4205499,5.877765,8.019379,0.108936,9.943360,89.372276,53.760624
3.4303601,5.845443,7.935582,0.098162,9.856586,89.429382,53.624203
3.4400928,5.792771,7.860164,0.152032,9.765321,89.107956,53.610588
3.4501250,5.793968,7.820660,0.214281,9.735435,88.738792,53.466949
3.4601500,5.829881,7.824251,0.299275,9.761967,88.243195,53.310055
3.4710751,5.862203,7.909245,0.347159,9.850995,87.980423,53.454765
3.4810438,5.917270,8.006210,0.322020,9.960782,88.147377,53.532448
3.4911289,5.957971,8.091205,0.225055,10.050654,88.716919,53.633869
3.5002291,5.936423,8.093599,0.141258,10.038298,89.193710,53.741020
3.5104959,5.878962,8.039729,0.140061,9.960876,89.194336,53.824280
3.5202827,5.846641,7.960721,0.187945,9.878846,88.909882,53.705097
3.5304399,5.841852,7.872135,0.252588,9.806200,88.524010,53.421169
3.5403597,5.843049,7.815871,0.330400,9.764130,88.060844,53.218662
3.5507498,5.826290,7.814674,0.271742,9.751340,88.403122,53.293350
3.5608120,5.828684,7.861362,0.219069,9.788899,88.717651,53.445492
3.5702598,5.833472,7.922413,0.160412,9.839704,89.065895,53.634850
3.5800359,5.843049,7.946355,0.116119,9.864038,89.325500,53.672516
3.5905519,5.852626,7.922413,0.141258,9.850778,89.178360,53.545132
3.6008608,5.866991,7.915231,0.223858,9.855079,88.698418,53.453121
3.6105249,5.882554,7.915231,0.269348,9.865488,88.435516,53.380486
3.6209011,5.902905,7.931990,0.275333,9.891236,88.404907,53.343761
3.6306601,5.907693,7.929596,0.205901,9.890487,88.807121,53.313221
3.6401978,5.911284,7.945158,0.184354,9.904686,88.933502,53.350353
3.6506479,5.900510,7.953538,0.141258,9.904279,89.182800,53.429298
3.6605539,5.858612,7.955932,0.015562,9.880305,89.909752,53.632706
3.6715398,5.863400,7.912837,-0.080206,9.848801,90.466606,53.461613
3.6806557,5.884948,7.866150,-0.044293,9.823996,90.258324,53.198524
3.6901460,5.901707,7.836222,0.094571,9.810477,89.447670,53.015438
3.6999879,5.920861,7.823054,0.209493,9.813289,88.776764,52.879822
3.7101901,6.003461,7.864953,0.211887,9.896662,88.773209,52.644852
3.7202580,5.971139,7.886500,0.296881,9.896440,88.280937,52.869392
3.7303739,5.971139,7.908048,0.319626,9.914328,88.152534,52.944599
3.7401359,5.981913,7.900866,0.260968,9.913378,88.491524,52.869862
3.7504900,6.011840,7.879318,0.192733,9.912770,88.885933,52.656731
3.7606468,6.017826,7.882909,0.185551,9.919119,88.928139,52.641827
3.7705278,5.986701,7.900866,0.180762,9.914481,88.955315,52.847797
3.7802789,5.935226,7.906851,0.154426,9.887824,89.105133,53.106514
3.7906070,5.883750,7.885303,0.105345,9.839087,89.386536,53.270927
3.7999930,5.832275,7.850587,0.023942,9.779965,89.859734,53.390995
3.8106527,5.758055,7.850587,-0.005986,9.735860,90.035225,53.741615
3.8204920,5.700594,7.848193,-0.053870,9.700196,90.318192,54.006939
3.8310959,5.692214,7.830236,-0.093374,9.681045,90.552628,53.984608
3.8409238,5.680243,7.838616,-0.065841,9.680569,90.389687,54.071083
3.8505080,5.718551,7.896077,0.041899,9.749441,89.753769,54.086937
3.8602059,5.834670,7.963115,0.090980,9.872327,89.471977,53.769318
3.8711948,5.923255,7.964312,0.107739,9.926067,89.378090,53.360912
3.8805261,5.932832,7.955932,0.177171,9.926064,88.977272,53.287674
3.8903837,5.942409,7.957129,0.223858,9.933692,88.708717,53.247513
3.9001598,5.968745,7.973889,0.239420,9.963240,88.623032,53.183815
3.9109259,5.967548,8.001422,0.246603,9.984748,88.584770,53.284023
3.9200029,5.953183,7.987057,0.168791,9.963029,89.029259,53.300858
3.9302578,5.914876,7.921216,0.161609,9.887241,89.063446,53.250824
3.9400268,5.899313,7.844602,0.197522,9.817265,88.847137,53.056030
3.9501660,5.905299,7.811083,0.284910,9.796262,88.333405,52.910160
3.9599710,5.950788,7.866150,0.323217,9.868773,88.123138,52.892281
3.9700079,6.025009,7.908048,0.325611,9.947059,88.124123,52.696835
3.9799490,6.034585,8.007407,0.240617,10.029591,88.625298,52.997395
3.9903579,5.993884,8.021772,0.146046,10.014830,89.164429,53.232841
4.0000100,5.956774,8.036138,0.080206,10.003454,89.540611,53.452370
4.0101447,5.928043,8.006210,0.057461,9.962149,89.669518,53.482620
4.0204668,5.896919,7.978677,0.111330,9.921963,89.357094,53.532459
4.0302749,5.861006,7.930793,0.132878,9.862379,89.228020,53.534901
4.0400028,5.829881,7.893683,0.172383,9.814655,88.993614,53.552273
4.0501280,5.831078,7.873333,0.205901,9.799655,88.796066,53.475937
4.0606451,5.825093,7.827842,0.216675,9.759804,88.727882,53.345200
4.0701098,5.833472,7.845799,0.202310,9.778900,88.814552,53.368629
4.0800166,5.899313,7.875727,0.202310,9.842251,88.822189,53.164955
4.0902739,5.931635,7.924808,0.232238,9.901555,88.656021,53.185532
4.0999150,5.913678,7.964312,0.228646,9.922405,88.679588,53.405293
4.1099439,5.905299,7.963115,0.171185,9.915294,89.010750,53.440052
4.1199908,5.884948,7.943961,0.149638,9.887443,89.132843,53.468666
4.1300287,5.888539,7.880515,0.062249,9.837749,89.637451,53.231895
4.1399746,5.767632,7.929596,0.374693,9.812465,87.811607,53.969540
4.1505051,5.795165,7.939173,0.204704,9.831394,88.806931,53.872585
4.1599569,5.827487,7.948750,0.199916,9.858103,88.837997,53.753643
4.1701550,5.880159,7.969100,0.132878,9.904570,89.231308,53.577503
4.1809411,5.890934,7.991845,0.180762,9.930023,88.956955,53.605400
4.1907630,5.929241,7.984663,0.038307,9.945461,89.779312,53.403206
4.2000461,5.872977,7.952341,0.088585,9.886326,89.486603,53.553326
4.2108998,5.829881,7.912837,0.119710,9.829284,89.302185,53.618607
4.2202420,5.795165,7.861362,0.153229,9.767724,89.101151,53.603447
4.2312937,5.765238,7.829040,0.203507,9.724877,88.800919,53.632389
4.2401428,5.773617,7.824251,0.216675,9.726279,88.723495,53.575897
4.2508001,5.819107,7.835025,0.209493,9.761839,88.770317,53.398567
4.2605357,5.853823,7.870938,0.189142,9.810947,88.895348,53.360851
4.2704692,5.876568,7.900866,0.168791,9.848158,89.017937,53.358578
4.2805767,5.898116,7.946355,0.144849,9.897137,89.161423,53.415657
4.2902069,5.919664,7.967903,0.168791,9.927658,89.025803,53.389912
4.3002038,5.926847,7.940370,0.185551,9.910168,88.927170,53.261623
4.3102269,5.892130,7.904457,0.229843,9.861566,88.664490,53.298462
4.3204899,5.882554,7.874529,0.251391,9.832387,88.534920,53.238960
4.3301768,5.889736,7.855376,0.272939,9.821936,88.407616,53.138485
4.3408108,5.878962,7.854179,0.290895,9.815037,88.301636,53.184635
4.3510370,5.878962,7.902063,0.283713,9.853187,88.349998,53.351559
4.3603797,5.910087,7.935582,0.262165,9.898046,88.482254,53.322811
4.3700938,5.895722,7.946355,0.257377,9.897997,88.509972,53.426788
4.3808007,5.864597,7.914034,0.254982,9.853449,88.517166,53.460163
4.3913398,5.872977,7.885303,0.274136,9.835904,88.402908,53.321247
4.4003439,5.888539,7.870938,0.257377,9.833251,88.500160,53.198483
4.4105248,5.908890,7.887698,0.229843,9.858173,88.664024,53.162117
4.4203844,5.917270,7.909245,0.217872,9.880168,88.736443,53.198151
4.4301410,5.866991,7.894880,0.231040,9.838907,88.654434,53.382534
4.4416127,5.825093,7.892486,0.193930,9.811251,88.867409,53.570618
4.4505987,5.783194,7.911640,0.162806,9.801321,89.048241,53.834209
4.4607182,5.764040,7.945158,0.129287,9.816640,89.245384,54.039928
4.4718637,5.804742,7.996634,0.003591,9.881355,89.979179,54.024170
4.4806538,5.810728,7.997831,0.003591,9.885842,89.979187,54.000172
4.4901748,5.809530,7.963115,0.034716,9.857131,89.798210,53.887192
4.5012970,5.886145,7.909245,0.202310,9.861227,88.824455,53.342983
4.5102320,5.886145,7.909245,0.202310,9.861227,88.824455,53.342983
4.5200114,6.022614,8.025364,0.259771,10.037222,88.516975,53.113697
4.5307403,6.309918,8.439561,0.246603,10.540497,88.659401,53.216022
4.5400810,6.198588,8.398860,0.246603,10.441463,88.646683,53.571659
4.5504932,5.809530,7.951144,0.184354,9.849128,88.927490,53.846138
4.5600557,5.705383,7.858967,0.209493,9.713838,88.764236,54.021435
4.5703459,5.679047,7.784747,0.237026,9.638985,88.590935,53.888893
4.5809522,5.625177,7.740454,0.306458,9.573462,88.165581,53.993179
4.5901732,5.584476,7.703344,0.326809,9.520225,88.032776,54.060078
4.6002369,5.604826,7.697359,0.330400,9.527464,88.012657,53.939793
4.6104808,5.698200,7.722497,0.371101,9.604383,87.785614,53.577492
4.6210213,5.795165,7.756016,0.424971,9.691251,87.486717,53.233532
4.6315308,5.813122,7.759608,0.421380,9.704713,87.511429,53.161228
4.6400390,5.796362,7.785944,0.354342,9.713099,87.909340,53.333607
4.6502504,5.845443,7.841011,0.192733,9.782014,88.871040,53.295612
4.6607518,5.941212,7.953538,0.147243,9.928668,89.150269,53.240643
4.6700907,5.978322,7.972692,0.254982,9.968408,88.534271,53.135609
4.6805778,5.947197,7.930793,0.365116,9.919675,87.890625,53.134254
4.6906552,5.930438,7.937976,0.407014,9.917016,87.647804,53.236702
4.7002020,5.866991,7.946355,0.338780,9.883366,88.035645,53.560627
4.7106357,5.846641,7.930793,0.286107,9.857106,88.336731,53.602081
4.7206407,5.896919,7.947553,0.198719,9.898319,88.849655,53.425354
4.7301192,5.911284,7.969100,0.114922,9.922855,89.336411,53.432880
4.7402997,5.924452,7.995437,0.101754,9.951708,89.414154,53.462322
4.7502508,5.871779,7.955932,0.113725,9.888761,89.341064,53.571270
4.7603416,5.853823,7.935582,0.178368,9.862683,88.963737,53.584999
4.7700338,5.852626,7.928399,0.189142,9.856395,88.900436,53.565811
4.7802119,5.895722,7.924808,0.169988,9.878816,89.014046,53.352310
4.7906380,5.904101,7.886500,0.243011,9.854661,88.586967,53.180229
4.8002687,5.935226,7.857770,0.322020,9.852673,88.127037,52.935078
4.8101969,5.960365,7.863756,0.417788,9.876191,87.575516,52.839546
4.8207746,5.973533,7.873333,0.439336,9.892698,87.454651,52.812244
4.8308897,5.974730,7.878121,0.442927,9.897392,87.435051,52.823490
4.8400178,5.961562,7.896077,0.372298,9.900851,87.845016,52.947086
4.8500376,5.953183,7.922413,0.284910,9.913939,88.353188,53.077499
4.8602772,5.913678,7.922413,0.149638,9.887296,89.132835,53.260536
4.8704510,5.846641,7.923611,0.102951,9.847711,89.401001,53.577282
4.8806472,5.803545,7.981071,0.074220,9.868340,89.569069,53.976715
4.8902011,5.814319,8.002619,0.086191,9.892200,89.500771,53.999645
4.9000368,5.843049,7.996634,0.184354,9.905622,88.933609,53.844826
4.9104500,5.880159,7.960721,0.325611,9.902291,88.115639,53.548698
4.9215908,5.892130,7.842207,0.462081,9.819925,87.302925,53.081154
4.9303799,5.889736,7.752425,0.563834,9.752282,86.685562,52.775040
4.9399595,5.911284,7.748834,0.622492,9.766023,86.345451,52.661396
4.9504976,5.901707,7.799112,0.691924,9.804849,85.953293,52.884651
4.9599862,5.768829,7.785944,0.472855,9.701747,87.206345,53.464195
4.9711871,5.787982,7.896077,-0.037110,9.790309,90.217178,53.757839
