Keuwl Accelerometer Data File
2019-06-27 16-05-18

Time (s), X (m/s2), Y (m/s2), Z (m/s2), R (m/s2), Theta (deg), Phi (deg)
0.0000000,-0.374693,8.285135,3.974375,9.196712,64.395813,92.589417
0.0099070,-0.092177,8.532935,3.521871,9.231633,67.573357,90.618912
0.0198800,0.080206,8.257602,4.651934,9.478127,60.606346,89.443504
0.0298440,-0.022745,7.977480,5.479131,9.677891,55.517864,90.163361
0.0398500,0.090980,7.953538,5.829881,9.861773,53.760662,89.344627
0.0499280,0.392649,8.100781,6.029797,10.106200,53.370129,87.225014
0.0600880,0.685939,7.988254,6.343437,10.223596,51.649513,85.092140
0.0699280,1.000776,7.691373,6.882133,10.369307,48.417152,82.586510
0.0799540,1.318008,7.674613,7.333440,10.696549,46.718029,80.255302
0.0900250,1.159991,7.557298,7.429208,10.660744,45.823162,81.273621
0.0998660,0.954089,8.274361,7.036559,10.903600,49.808624,83.422462
0.1101930,0.627281,8.462306,6.315904,10.578032,53.339130,85.760620
0.1198910,0.368707,8.190564,5.792771,10.038798,54.757500,87.422508
0.1299670,0.562637,8.579621,5.300763,10.100720,58.345856,86.248009
0.1401760,1.080982,9.473856,5.195418,10.858860,61.415802,83.490608
0.1498600,1.623269,9.133880,5.190629,10.630400,60.772297,79.922638
0.1598810,1.442507,8.663419,5.489904,10.357350,57.991226,80.546661
0.1698770,0.751779,8.084022,5.346252,9.721059,56.635319,84.687019
0.1805910,0.250194,7.677008,5.182250,9.265784,55.993374,88.133385
0.1901180,0.094571,7.548918,5.189432,9.161076,55.495888,89.282249
0.1999860,0.175974,7.621941,5.233725,9.247531,55.531078,88.677399
0.2100400,0.379481,7.832631,5.178658,9.397479,56.559624,87.226265
0.2201920,0.600945,8.075643,5.136760,9.589757,57.611950,85.744209
0.2299690,0.793678,8.300697,5.179855,9.816435,58.151722,84.538223
0.2400100,0.913388,8.408437,5.300763,9.981691,57.923672,83.800407
0.2500420,0.912191,8.407239,5.470751,10.071885,57.100269,83.807594
0.2600840,0.833182,8.300697,5.612009,10.054373,56.070942,84.268135
0.2699610,0.752976,8.140285,5.729325,9.982803,54.976006,84.715179
0.2800060,0.725443,7.961918,5.821501,9.889807,53.939690,84.793922
0.2900180,0.757765,7.831434,5.910087,9.840462,53.087807,84.473297
0.3011800,0.817620,7.790732,5.924452,9.821566,52.899960,84.008865
0.3101480,0.857124,7.837419,5.888539,9.840462,53.244556,83.758759
0.3201910,0.906205,7.924808,5.816713,9.872078,53.899136,83.476540
0.3299550,0.897826,7.995437,5.735310,9.880631,54.517105,83.592964
0.3399110,0.863110,8.015787,5.683835,9.864268,54.815979,83.854286
0.3501760,0.834379,7.983466,5.657499,9.820347,54.823318,84.033485
0.3600290,0.810437,7.922413,5.633556,9.754917,54.724442,84.159142
0.3705050,0.823605,7.872135,5.641936,9.720097,54.518478,84.027283
0.3806250,0.854730,7.875727,5.673061,9.743780,54.392891,83.806099
0.3903080,0.877475,7.888895,5.687426,9.764806,54.377567,83.653130
0.4000350,0.888249,7.896077,5.707777,9.783442,54.309120,83.581642
0.4101310,0.863110,7.905654,5.700594,9.784738,54.366333,83.769341
0.4200450,0.818817,7.876924,5.694609,9.754228,54.281082,84.065338
0.4301850,0.776918,7.846996,5.681441,9.718936,54.227074,84.345665
0.4403320,0.760159,7.818265,5.679047,9.693023,54.134098,84.446663
0.4500850,0.736217,7.791929,5.667076,9.662914,54.092609,84.602455
0.4605600,0.715866,7.819463,5.635951,9.665423,54.330814,84.769196
0.4703660,0.684742,7.862558,5.594052,9.673785,54.671097,85.022728
0.4804020,0.667982,7.928399,5.550957,9.701487,55.097900,85.184097
0.4901580,0.639252,8.005013,5.559336,9.767042,55.306000,85.434250
0.5000210,0.586579,8.044518,5.558139,9.795471,55.429539,85.829567
0.5099810,0.545878,8.064868,5.548563,9.804419,55.533470,86.127792
0.5200570,0.561440,8.091205,5.529409,9.816169,55.715954,86.030670
0.5300070,0.597353,8.140285,5.538986,9.864149,55.838539,85.803024
0.5399719,0.647632,8.175002,5.519832,9.885273,56.055511,85.470436
0.5499820,0.700304,8.188169,5.535394,9.908438,56.037193,85.111595
0.5607370,0.738611,8.149862,5.549759,9.887650,55.855503,84.821510
0.5700290,0.752976,8.094796,5.568913,9.854212,55.588665,84.685646
0.5800689,0.758962,8.050503,5.564125,9.815605,55.468090,84.614349
0.5901080,0.794875,8.066066,5.574899,9.837314,55.478916,84.371925
0.6000130,0.824802,8.153454,5.602432,9.927051,55.642128,84.223618
0.6100650,0.860716,8.264784,5.626374,10.035117,55.897961,84.054504
0.6201070,0.890643,8.367735,5.647922,10.134656,56.131550,83.924438
0.6301190,0.890643,8.415619,5.676652,10.190205,56.146622,83.958755
0.6400790,0.871489,8.403648,5.713762,10.199406,55.929996,84.079376
0.6500350,0.811634,8.310274,5.756858,10.142033,55.415318,84.421822
0.6602820,0.772130,8.188169,5.796362,10.061815,54.825035,84.613037
0.6700080,0.743400,8.098388,5.792771,9.984624,54.537560,84.755173
0.6807150,0.768539,8.105570,5.708974,9.944008,54.962536,84.583626
0.6903410,0.794875,8.186973,5.632360,9.969043,55.598751,84.454521
0.7001560,0.794875,8.289924,5.580884,10.025015,56.172401,84.522972
0.7121340,0.761356,8.327033,5.565322,10.044498,56.353546,84.775864
0.7201410,0.719458,8.281544,5.578490,10.011050,56.135330,85.034904
0.7300460,0.672771,8.170214,5.625177,9.942215,55.543034,85.292641
0.7401429,0.654814,8.078036,5.661090,9.885919,55.065350,85.365677
0.7509850,0.702698,8.019379,5.683835,9.854451,54.775726,84.992249
0.7601910,0.744597,7.991845,5.685032,9.835833,54.690571,84.677147
0.7699190,0.798466,8.002619,5.644331,9.825372,54.937836,84.302139
0.7800290,0.833182,8.061277,5.604826,9.853550,55.332516,84.099083
0.7899430,0.875081,8.140285,5.574899,9.905025,55.747883,83.864265
0.7999710,0.871489,8.191761,5.562928,9.940352,55.969730,83.927368
0.8100979,0.855927,8.203732,5.579687,9.958250,55.922901,84.043663
0.8201680,0.799663,8.154651,5.638345,9.946292,55.467117,84.399353
0.8300380,0.761356,8.117541,5.705383,9.951158,55.016632,84.641823
0.8403780,0.717063,8.101978,5.776011,9.975898,54.619995,84.942230
0.8505989,0.718261,8.131907,5.819107,10.025259,54.518181,84.952377
0.8603560,0.718261,8.155849,5.814319,10.041916,54.619415,84.967125
0.8700910,0.705092,8.157045,5.758055,10.009482,54.882156,85.059654
0.8806019,0.670376,8.100781,5.674258,9.913086,55.082188,85.269295
0.8907650,0.620098,8.049306,5.592855,9.821196,55.286877,85.594780
0.9008570,0.580594,7.972692,5.522226,9.715755,55.362770,85.834915
0.9101300,0.566229,7.941567,5.492299,9.672355,55.400631,85.921745
0.9204000,0.575805,7.990648,5.451597,9.690301,55.765392,85.878395
0.9300930,0.628478,8.076839,5.414487,9.744075,56.243145,85.550644
0.9400010,0.676362,8.145074,5.415684,9.804557,56.470657,85.253082
0.9502510,0.671574,8.152257,5.432444,9.819458,56.410938,85.290672
0.9601290,0.629675,8.105570,5.494693,9.812666,55.947021,85.557945
0.9712220,0.575805,8.031349,5.525817,9.765694,55.539379,85.899208
0.9804810,0.547075,8.005013,5.572505,9.768948,55.219757,86.090393
0.9912010,0.581791,8.010999,5.554548,9.765633,55.334438,85.846245
1.0010430,0.628478,8.051701,5.543774,9.795830,55.532963,85.536812
1.0108730,0.685939,8.078036,5.512650,9.803800,55.785183,85.146423
1.0200189,0.733823,8.095993,5.499481,9.814677,55.921215,84.820847
1.0299560,0.760159,8.147469,5.519832,9.870543,55.997940,84.669731
1.0399129,0.775721,8.170214,5.547365,9.905928,55.943886,84.576309
1.0500699,0.778116,8.184579,5.588067,9.940789,55.796417,84.569160
1.0600339,0.719458,8.131907,5.637148,9.920835,55.374290,84.944008
1.0700679,0.641646,8.062474,5.670667,9.877837,54.964783,85.449745
1.0804160,0.610521,8.049306,5.688623,9.875449,54.827717,85.662552
1.0900860,0.667982,8.070854,5.692214,9.898797,54.897491,85.268715
1.1002150,0.744597,8.119935,5.697003,9.947040,55.058937,84.760643
1.1100029,0.791284,8.176199,5.689820,9.992517,55.291039,84.472191
1.1200120,0.798466,8.201338,5.667076,10.000762,55.482048,84.439316
1.1301301,0.786495,8.200141,5.650316,9.989342,55.553638,84.521385
1.1400850,0.718261,8.147469,5.655105,9.943709,55.339558,84.961975
1.1502169,0.647632,8.107965,5.641936,9.898988,55.253204,85.433136
1.1603739,0.574608,8.067263,5.651513,9.866636,55.054970,85.925865
1.1700540,0.537498,8.033744,5.633556,9.826845,55.020569,86.172325
1.1805301,0.549469,8.049306,5.631162,9.838863,55.086529,86.094879
1.1903750,0.626084,8.106767,5.652710,9.902766,55.192478,85.583824
1.2001500,0.724246,8.142680,5.675455,9.951812,55.229294,84.917236
1.2102460,0.788889,8.158242,5.692214,9.979006,55.220551,84.476761
1.2201030,0.773327,8.137892,5.702989,9.967317,55.098392,84.571602
1.2301710,0.736217,8.147469,5.679047,9.958656,55.231480,84.836693
1.2404879,0.700304,8.149862,5.670667,9.953248,55.268581,85.088737
1.2500650,0.682347,8.124723,5.662287,9.926642,55.220963,85.199333
1.2602620,0.682347,8.090008,5.669470,9.902359,55.072651,85.178825
1.2701210,0.663194,8.081628,5.643134,9.879144,55.164875,85.308708
1.2804589,0.664391,8.088810,5.625177,9.874861,55.274445,85.304436
1.2915000,0.653617,8.129512,5.600038,9.893260,55.525063,85.403275
1.3012559,0.642843,8.159439,5.573701,9.902315,55.745590,85.495247
1.3101361,0.617704,8.159439,5.566519,9.896673,55.773655,85.670723
1.3201660,0.614113,8.147469,5.560534,9.883214,55.762539,85.689499
1.3312199,0.605733,8.095993,5.568913,9.845040,55.552094,85.721169
1.3400700,0.611719,8.044518,5.541380,9.787510,55.516529,85.651505
1.3504440,0.618901,8.037335,5.536592,9.779348,55.517715,85.596725
1.3599769,0.636858,8.072051,5.510255,9.794208,55.763962,85.488899
1.3699690,0.671574,8.152257,5.494693,9.854033,56.109428,85.290672
1.3809969,0.737414,8.240842,5.495890,9.932777,56.405712,84.886627
1.3899279,0.782904,8.282741,5.541380,9.996181,56.334064,84.600311
1.3998851,0.770933,8.271967,5.584476,10.010302,56.091183,84.675514
1.4100939,0.763750,8.191761,5.640739,9.975280,55.564938,84.673485
1.4198730,0.742203,8.090008,5.679047,9.912148,55.044636,84.758179
1.4300050,0.731429,8.014590,5.717354,9.872020,54.609406,84.785507
1.4400600,0.766145,7.997831,5.724536,9.865221,54.530148,84.528099
1.4502429,0.840365,8.062474,5.711368,9.916121,54.832546,84.049454
1.4613739,0.937330,8.159439,5.683835,9.988044,55.315025,83.446770
1.4716910,1.024718,8.274361,5.669470,10.082558,55.784664,82.940285
1.4812920,1.074997,8.325836,5.671864,10.131397,55.955933,82.642914
1.4903820,1.030704,8.265982,5.724536,10.107379,55.502380,82.892349
1.5000120,0.913388,8.129512,5.774815,10.013577,54.781338,83.589439
1.5100189,0.766145,7.973889,5.809530,9.895480,54.049274,84.511772
1.5202360,0.669179,7.881712,5.779603,9.796580,53.845737,85.147064
1.5308859,0.663194,7.872135,5.707777,9.746233,54.151833,85.184448
1.5403430,0.713472,7.945158,5.629965,9.763764,54.786957,84.868622
1.5500559,0.779313,8.051701,5.548563,9.809371,55.553326,84.471642
1.5600460,0.822408,8.135497,5.482722,9.844943,56.157806,84.227646
1.5700480,0.829591,8.147469,5.455189,9.840150,56.331932,84.186073
1.5800810,0.796072,8.075643,5.479131,9.791353,55.972641,84.370148
1.5908159,0.746991,7.967903,5.493496,9.706903,55.532619,84.644173
1.6008230,0.721852,7.900866,5.519832,9.665055,55.172173,84.779739
1.6102020,0.754174,7.902063,5.562928,9.693170,54.977238,84.548203
1.6203150,0.799663,7.952341,5.590461,9.753586,55.028439,84.257813
1.6301130,0.830788,7.995437,5.613206,9.804351,55.073727,84.067810
1.6407830,0.799663,7.990648,5.620389,9.801973,55.012787,84.285156
1.6500009,0.706290,7.953538,5.620389,9.764546,54.858944,84.925339
1.6610340,0.676362,7.929596,5.607220,9.735341,54.832729,85.124702
1.6700290,0.705092,7.973889,5.597643,9.767992,55.036129,84.946754
1.6801000,0.780510,8.036138,5.598841,9.825259,55.260826,84.452545
1.6903609,0.842759,8.105570,5.565322,9.868299,55.669926,84.064125
1.7014539,0.884658,8.131907,5.510255,9.862730,56.034424,83.791298
1.7101460,0.897826,8.154651,5.510255,9.882679,56.112297,83.717049
1.7208349,0.875081,8.149862,5.513846,9.878691,56.071659,83.871422
1.7299260,0.829591,8.137892,5.538986,9.878961,55.896809,84.179276
1.7398649,0.778116,8.103176,5.544971,9.849549,55.738766,84.514931
1.7499670,0.731429,8.093599,5.542577,9.836741,55.704819,84.836136
1.7598699,0.724246,8.112753,5.546168,9.853998,55.747963,84.898582
1.7700009,0.724246,8.143877,5.524621,9.867558,55.952694,84.917976
1.7798719,0.767342,8.152257,5.505467,9.867030,56.084755,84.622803
1.7899950,0.776918,8.116343,5.500679,9.835451,55.994633,84.532150
1.7999189,0.790087,8.087613,5.498284,9.811465,55.916962,84.420425
1.8099689,0.787692,8.064868,5.492299,9.789173,55.870972,84.421638
1.8199790,0.780510,8.097190,5.480328,9.808551,56.032013,84.494118
1.8299769,0.781707,8.169016,5.483919,9.870018,56.246994,84.533913
1.8401500,0.811634,8.265982,5.481525,9.951498,56.576431,84.392120
1.8499459,0.828394,8.295909,5.489904,9.982353,56.635666,84.297592
1.8600669,0.799663,8.234857,5.530606,9.951880,56.238663,84.453560
1.8698790,0.707487,8.118738,5.559336,9.865124,55.699421,85.019684
1.8804699,0.632069,8.036138,5.602432,9.816631,55.200378,85.502754
1.8899360,0.629675,8.033744,5.609614,9.818621,55.157391,85.518387
1.8999360,0.659603,8.094796,5.589264,9.859040,55.464436,85.341560
1.9098790,0.709881,8.151060,5.548563,9.885861,55.856853,85.022636
1.9200679,0.732626,8.196549,5.538986,9.919704,56.056015,84.892349
1.9299229,0.730232,8.242040,5.516241,9.944514,56.309818,84.936905
1.9398839,0.751779,8.285135,5.500679,9.973269,56.527122,84.815277
1.9503059,0.757765,8.298303,5.494693,9.981367,56.599018,84.782471
1.9600189,0.711078,8.315063,5.531803,10.012329,56.461369,85.112137
1.9698759,0.673968,8.337808,5.537788,10.031967,56.494694,85.378670
1.9803399,0.644040,8.350976,5.537788,10.040951,56.528622,85.589989
1.9899189,0.627281,8.321048,5.525817,10.008395,56.487545,85.688919
2.0005240,0.594959,8.277952,5.509058,9.961334,56.423889,85.889061
2.0100060,0.557849,8.220491,5.470751,9.890237,56.416847,86.117813
2.0198858,0.550666,8.179790,5.418078,9.826891,56.540165,86.148636
2.0300491,0.569820,8.148665,5.376180,9.778996,56.648895,85.999931
2.0399799,0.597353,8.166622,5.340267,9.775940,56.888760,85.816513
2.0501530,0.641646,8.191761,5.298368,9.776981,57.185375,85.521271
2.0600979,0.658405,8.204929,5.312734,9.796913,57.160572,85.412125
2.0698690,0.681150,8.221688,5.316325,9.814450,57.201694,85.263977
2.0799448,0.699107,8.227674,5.359420,9.844123,57.014389,85.143234
2.0898969,0.691924,8.196549,5.392939,9.835954,56.750332,85.174728
2.1000249,0.681150,8.152257,5.456386,9.833382,56.297279,85.223824
2.1098800,0.681150,8.128315,5.501875,9.838908,55.999805,85.209824
2.1200728,0.711078,8.131907,5.529409,9.859406,55.887077,85.002602
2.1299040,0.755371,8.173804,5.541380,9.903967,55.978004,84.720085
2.1401730,0.802058,8.224083,5.524621,9.939833,56.233738,84.429817
2.1498759,0.848745,8.234857,5.538986,9.960602,56.214214,84.115456
2.1601961,0.849942,8.231265,5.547365,9.962399,56.163128,84.104660
2.1699991,0.820014,8.206126,5.543774,9.937120,56.090321,84.293541
2.1810281,0.773327,8.192958,5.524621,9.911813,56.125378,84.607872
2.1899929,0.724246,8.165425,5.473145,9.856673,56.270477,84.931320
2.2002208,0.688333,8.158242,5.412093,9.814350,56.533665,85.177223
2.2098958,0.673968,8.164227,5.357026,9.788083,56.817966,85.280861
2.2199769,0.661997,8.195353,5.317522,9.791736,57.107655,85.381844
2.2299771,0.646434,8.225280,5.303157,9.807985,57.268841,85.506294
2.2398629,0.638055,8.264784,5.310339,9.844464,57.355572,85.585426
2.2498858,0.647632,8.319851,5.305551,9.888792,57.552834,85.548973
2.2599070,0.640449,8.349778,5.299565,9.910316,57.672878,85.613861
2.2699440,0.648829,8.331821,5.297171,9.894456,57.631153,85.547157
2.2800410,0.647632,8.285135,5.349844,9.883508,57.228504,85.530396
2.2899759,0.666785,8.215703,5.412093,9.860685,56.711456,85.360054
2.2999370,0.673968,8.177396,5.456386,9.853739,56.376194,85.288422
2.3101430,0.696713,8.212111,5.451597,9.881502,56.516476,85.150658
2.3198540,0.696713,8.212111,5.430049,9.869631,56.620804,85.150658
2.3300140,0.737414,8.333019,5.400122,9.957123,57.157089,84.942894
2.3399611,0.727837,8.362947,5.388151,9.975008,57.305122,85.026009
2.3498600,0.721852,8.355764,5.383362,9.965965,57.304466,85.062492
2.3598650,0.715866,8.313866,5.426458,9.953857,56.964310,85.078682
2.3699720,0.714669,8.274361,5.450400,9.933914,56.724461,85.063530
2.3799181,0.719458,8.239645,5.461174,9.911296,56.564007,85.009789
2.3904598,0.735020,8.232463,5.452795,9.901852,56.586025,84.897980
2.3999579,0.733823,8.242040,5.430049,9.897229,56.726006,84.912132
2.4098518,0.741005,8.289924,5.392939,9.917445,57.058453,84.892120
2.4202878,0.731429,8.330625,5.363012,9.934596,57.327805,84.982300
2.4299488,0.715866,8.385692,5.340267,9.967484,57.603939,85.120628
2.4401038,0.689530,8.415619,5.319916,9.979959,57.787567,85.315956
2.4499528,0.644040,8.389283,5.306748,9.947685,57.760086,85.610046
2.4599528,0.587777,8.340201,5.318719,9.909249,57.537815,85.968742
2.4699919,0.566229,8.300697,5.342661,9.887680,57.293545,86.097641
2.4799500,0.594959,8.263587,5.363012,9.869283,57.084309,85.881943
2.4898710,0.634463,8.258799,5.347449,9.859285,57.154400,85.607010
2.4998739,0.659603,8.248025,5.336676,9.846070,57.179379,85.427734
2.5099671,0.685939,8.245630,5.307945,9.830321,57.319324,85.244621
2.5199060,0.687136,8.259995,5.286397,9.830853,57.470394,85.244606
2.5298989,0.667982,8.259995,5.287594,9.830177,57.459606,85.376579
2.5400229,0.657208,8.267179,5.297171,9.840639,57.432323,85.454765
2.5499210,0.656011,8.250419,5.315128,9.836175,57.291489,85.453835
2.5603049,0.638055,8.219295,5.313931,9.808249,57.194988,85.561096
2.5698879,0.648829,8.204929,5.309142,9.794327,57.175812,85.478577
2.5799410,0.673968,8.219295,5.280412,9.792537,57.368885,85.312332
2.5899410,0.703895,8.245630,5.260061,9.805821,57.559578,85.120728
2.6003289,0.706290,8.246828,5.231331,9.791621,57.705849,85.104919
2.6100349,0.684742,8.242040,5.214571,9.777108,57.768257,85.250824
2.6199169,0.671574,8.267179,5.221754,9.801223,57.807495,85.355850
2.6299009,0.693121,8.321048,5.232528,9.853913,57.926270,85.238403
2.6402810,0.717063,8.377312,5.266047,9.920926,57.940350,85.107643
2.6498659,0.719458,8.392874,5.318719,9.962265,57.731571,85.100441
2.6600051,0.672771,8.364143,5.336676,9.944427,57.544125,85.401306
2.6699550,0.645237,8.324639,5.373785,9.929427,57.234776,85.567902
2.6799359,0.622492,8.288726,5.374983,9.898531,57.111347,85.705086
2.6898670,0.632069,8.285135,5.367800,9.892232,57.137295,85.637383
2.6999240,0.651223,8.313866,5.384560,9.926627,57.150383,85.521179
2.7099140,0.670376,8.382100,5.382165,9.983823,57.378384,85.427383
2.7203908,0.687136,8.456321,5.368997,10.040301,57.673405,85.354515
2.7298629,0.664391,8.482656,5.355829,10.053944,57.811306,85.521538
2.7399769,0.584185,8.427590,5.347449,9.998038,57.666271,86.034706
2.7503049,0.488417,8.362947,5.316325,9.921730,57.600029,86.657578
2.7602518,0.435745,8.307879,5.288792,9.858096,57.554836,86.997612
2.7698638,0.471658,8.319851,5.243302,9.845536,57.821667,86.755341
2.7799139,0.542287,8.359355,5.208586,9.864190,58.127571,86.288315
2.7900209,0.633266,8.423999,5.183447,9.911251,58.467232,85.700928
2.8001101,0.673968,8.464700,5.157111,9.934846,58.728558,85.447655
2.8098660,0.676362,8.506598,5.164293,9.974448,58.818401,85.453964
2.8200030,0.660800,8.507795,5.179855,9.982491,58.741905,85.558762
2.8299189,0.617704,8.499416,5.222951,9.995042,58.496265,85.843277
2.8405919,0.572214,8.431181,5.282806,9.965956,57.988789,86.117355
2.8498969,0.489614,8.322245,5.282806,9.869525,57.638153,86.633057
2.8605618,0.452504,8.210915,5.239710,9.750817,57.495819,86.845619
2.8699677,0.484826,8.226477,5.215768,9.752651,57.669300,86.627182
2.8802359,0.533907,8.293514,5.181053,9.793403,58.059727,86.316582
2.8898749,0.593762,8.378509,5.147533,9.851348,58.498512,85.946381
2.8998928,0.638055,8.437167,5.129577,9.894719,58.773964,85.675278
2.9100468,0.618901,8.439561,5.131971,9.896785,58.765003,85.805817
2.9199319,0.545878,8.385692,5.115212,9.837846,58.670940,86.275505
2.9299250,0.488417,8.305486,5.135562,9.777200,58.314320,86.634506
2.9400890,0.436942,8.238448,5.116409,9.707759,58.194107,86.964050
2.9499459,0.422577,8.237251,5.100847,9.697913,58.266186,87.063263
2.9601510,0.472855,8.277952,5.069722,9.718548,58.556717,86.730690
2.9704278,0.526724,8.346188,5.061342,9.775146,58.816769,86.388878
2.9798467,0.575805,8.416816,5.033809,9.824132,59.176689,86.086418
2.9898779,0.615310,8.462306,5.033809,9.865520,59.320004,85.841240
2.9998479,0.635661,8.449138,5.055357,9.866541,59.177921,85.697525
3.0099089,0.586579,8.390480,5.093664,9.833090,58.800968,86.000954
3.0202439,0.527921,8.293514,5.121197,9.761544,58.356674,86.357765
3.0299678,0.502782,8.209718,5.143942,9.701155,57.978313,86.495453
3.0399148,0.492008,8.190564,5.142745,9.683762,57.922295,86.562363
3.0499787,0.497994,8.262390,5.139154,9.742997,58.165226,86.550819
3.0599339,0.537498,8.457518,5.096058,9.888798,58.980049,86.363586
3.0706470,0.636858,8.646660,5.082890,10.050179,59.618771,85.787567
3.0802569,0.696713,8.747216,5.094861,10.146764,59.859852,85.446022
3.0901709,0.642843,8.681376,5.158308,10.118679,59.350777,85.765060
3.1000979,0.501585,8.517372,5.226542,10.005696,58.509533,86.629761
3.1100640,0.378284,8.340201,5.299565,9.888754,57.593784,87.403030
3.1200409,0.325611,8.261193,5.300763,9.820969,57.334106,87.742882
3.1302669,0.347159,8.274361,5.297171,9.830849,57.395870,87.597504
3.1401110,0.409408,8.394072,5.251681,9.910006,57.998783,87.207695
3.1505289,0.465672,8.543709,5.189432,10.007098,58.763279,86.880196
3.1600718,0.506374,8.680179,5.147533,10.104406,59.373829,86.661331
3.1700118,0.502782,8.753201,5.136760,10.161576,59.634907,86.712555
3.1800849,0.442927,8.766370,5.158308,10.181040,59.558510,87.107552
3.1901879,0.356736,8.741230,5.191826,10.173074,59.312866,87.663017
3.2001121,0.289698,8.696938,5.194221,10.134130,59.166351,88.092163
3.2100809,0.240617,8.637083,5.194221,10.081519,58.987705,88.404228
3.2200460,0.223858,8.582016,5.159505,10.016068,58.994335,88.505806
3.2300768,0.245406,8.565256,5.111620,9.977600,59.182205,88.358849
3.2403309,0.247800,8.590396,5.056554,9.971210,59.528126,88.347694
3.2500238,0.245406,8.676587,4.984728,10.009541,60.132385,88.379898
3.2601588,0.260968,8.760384,4.924873,10.053199,60.667229,88.293686
3.2700610,0.238223,8.736442,4.886566,10.013025,60.789417,88.438057
3.2800980,0.207098,8.617929,4.859032,9.895544,60.591545,88.623383
3.2913399,0.149638,8.451532,4.854244,9.747537,60.132431,88.985664
3.3002291,0.125696,8.374918,4.855441,9.681444,59.899364,89.140137
3.3104939,0.171185,8.394072,4.837484,9.689736,60.050404,88.831696
3.3215129,0.238223,8.477868,4.836287,9.763230,60.306686,88.390450
3.3301849,0.296881,8.552089,4.831499,9.826990,60.550514,88.011810
3.3403399,0.365116,8.583213,4.826711,9.854033,60.671196,87.564201
3.3503170,0.398635,8.564059,4.867412,9.858687,60.414745,87.334953
3.3605497,0.399832,8.495825,4.922479,9.826988,59.939495,87.305527
3.3711810,0.344765,8.341399,5.030218,9.746840,58.929859,87.633209
3.3809769,0.372298,8.341399,5.024232,9.744765,58.963589,87.444435
3.3901141,0.372298,8.298303,5.024232,9.707901,58.832577,87.431183
3.4011729,0.423774,8.276755,5.029021,9.694086,58.750080,87.068993
3.4109590,0.499191,8.327033,4.995502,9.723359,59.085190,86.569321
3.4209337,0.562637,8.394072,4.991910,9.782442,59.316658,86.165314
3.4307740,0.592565,8.474277,5.023035,9.868910,59.404377,86.000099
3.4405088,0.602142,8.529344,5.055357,9.933223,59.407135,85.961815
3.4512849,0.599748,8.526949,5.106832,9.957323,59.144680,85.976700
3.4601951,0.581791,8.462306,5.164293,9.930712,58.665565,86.067055
3.4701087,0.547075,8.355764,5.214571,9.864575,58.088017,86.254036
3.4804730,0.536301,8.287529,5.240908,9.820278,57.745411,86.297447
3.4904659,0.544681,8.234857,5.251681,9.782111,57.529465,86.215775
3.5003419,0.582988,8.244433,5.225345,9.778281,57.697937,85.955177
3.5113409,0.638055,8.289924,5.200206,9.806737,57.976383,85.598763
3.5211818,0.691924,8.334216,5.206192,9.851007,58.096291,85.254066
3.5306599,0.703895,8.355764,5.218163,9.876410,58.106228,85.184731
3.5403919,0.660800,8.265982,5.230134,9.803948,57.759644,85.429375
3.5502999,0.630872,8.173804,5.245696,9.732749,57.386196,85.586533
3.5600817,0.608127,8.160637,5.246893,9.720890,57.333080,85.738220
3.5701361,0.661997,8.227674,5.237316,9.775599,57.604942,85.399902
3.5810869,0.697910,8.319851,5.204995,9.838647,58.059681,85.204979
3.5903358,0.646434,8.431181,5.209783,9.931995,58.362354,85.615601
3.6001368,0.616507,8.534132,5.176264,10.000260,58.827732,85.868118
3.6101239,0.587777,8.572439,5.152322,10.018913,59.052025,86.077606
3.6210449,0.533907,8.520964,5.124789,9.957677,59.025463,86.414642
3.6316299,0.483629,8.409634,5.096058,9.845082,58.826942,86.708611
3.6409039,0.464475,8.285135,5.080496,9.729884,58.523167,86.791283
3.6504350,0.475249,8.192958,5.062540,9.642599,58.330536,86.680161
3.6601777,0.543484,8.149862,5.027823,9.591383,58.385456,86.184807
3.6716709,0.635661,8.161834,4.990714,9.587848,58.632530,85.546677
3.6803241,0.691924,8.227674,4.970363,9.637318,58.952984,85.192894
3.6901178,0.693121,8.341399,4.970363,9.734674,59.297302,85.249969
3.7014248,0.604536,8.485051,4.982334,9.858255,59.642284,85.924721
3.7105949,0.496797,8.627506,5.018247,9.993172,59.856491,86.704384
3.7206740,0.407014,8.767567,5.003881,10.103203,60.312000,87.342079
3.7311568,0.399832,8.805874,4.985925,10.127326,60.506557,87.400261
3.7408187,0.393846,8.716091,5.003881,10.058041,60.165218,87.412788
3.7508309,0.391452,8.574833,5.046977,9.957559,59.545841,87.386192
3.7606540,0.445322,8.443152,5.087678,9.867603,58.962826,86.980820
3.7719810,0.520739,8.354567,5.081693,9.792525,58.739098,86.433380
3.7804699,0.588974,8.315063,5.035006,9.738503,58.867393,85.948387
3.7901928,0.615310,8.323442,4.970363,9.714052,59.225052,85.772102
3.8002501,0.624887,8.374918,4.911705,9.729058,59.678673,85.732834
3.8100879,0.667982,8.437167,4.861426,9.760403,60.127182,85.473259
3.8202848,0.723049,8.474277,4.860229,9.795815,60.254147,85.123177
3.8300788,0.786495,8.413225,4.860229,9.747962,60.093288,84.659325
3.8414929,0.822408,8.254010,4.869806,9.618734,59.583412,84.309975
3.8509879,0.864307,8.064868,4.854244,9.452662,59.100620,83.882996
3.8602109,0.944513,7.879318,4.824317,9.287076,58.703587,83.164436
3.8712239,0.997185,7.802703,4.803966,9.217084,58.587063,82.717079
3.8806288,1.047463,7.844602,4.724957,9.217384,59.161919,82.394478
3.8909318,1.162385,7.973889,4.680665,9.318941,59.849422,81.706192
3.9007690,1.326388,8.091205,4.666299,9.434048,60.355091,80.690331
3.9101789,1.468843,8.116343,4.627992,9.457846,60.703556,79.742012
3.9207690,1.572991,8.061277,4.624401,9.425687,60.618870,78.958656
3.9308689,1.666364,7.899669,4.598064,9.291057,60.337410,78.088593
3.9401059,1.736993,7.710526,4.504691,9.097341,60.319324,77.304588
3.9507959,1.697489,7.285556,4.456807,8.707693,59.214596,76.884430
3.9603019,1.647211,7.125144,4.248511,8.457590,59.845654,76.982887
3.9713058,1.647211,7.083246,4.082114,8.339623,60.693314,76.908539
3.9804997,1.750161,7.140707,3.952827,8.347311,61.735344,76.228493
3.9909699,1.848324,7.229292,3.927688,8.432420,62.239014,75.658333
4.0012059,1.954866,7.398083,3.913323,8.594604,62.914268,75.198494
4.0104170,2.003947,7.641095,3.968389,8.840262,63.326904,75.304611
4.0202417,2.114080,7.899669,3.979163,9.094385,64.052933,75.017799
4.0302529,2.497152,8.124723,4.021062,9.402969,64.682281,72.915070
4.0416808,3.035848,8.350976,4.149151,9.806663,64.969849,70.022171
4.0502291,3.222595,8.445546,4.145560,9.944750,65.363548,69.114479
4.0601349,3.211822,8.382100,4.070143,9.856037,65.609123,69.034355
4.0700979,2.970007,8.112753,3.927688,9.490229,65.552040,69.892769
4.0805130,2.566584,7.730877,3.805584,8.990900,64.958755,71.634285
4.0900879,2.066196,7.301118,3.637990,8.414895,64.384644,74.198639
4.1003451,1.610101,6.882133,3.391387,7.839495,64.367149,76.832275
4.1100211,1.249773,6.531382,3.163938,7.364196,64.555420,79.167458
4.1201258,1.077391,6.351817,2.947262,7.084681,65.417381,80.373154
4.1301389,1.095347,6.385336,2.750938,7.038463,66.993004,80.266159
4.1401458,1.176750,6.655881,2.567781,7.230421,69.198235,79.973801
4.1500907,1.267730,6.921637,2.367866,7.424486,71.401978,79.621048
4.1601100,1.320402,7.065289,2.276886,7.539627,72.422882,79.414345
4.1711469,1.316811,7.050924,2.304419,7.533914,72.189323,79.421463
4.1802859,1.244985,6.896498,2.330755,7.385397,71.603584,79.766937
4.1905098,1.094150,6.613982,2.335544,7.099063,70.792320,80.606636
4.2001247,0.793678,6.282385,2.443283,6.787335,68.901230,82.799751
4.2101207,0.420182,5.917270,2.433706,6.411985,67.693832,85.938271
4.2223258,0.132878,5.628768,2.292448,6.079145,67.845810,88.647675
4.2352028,-0.252588,5.349844,2.094927,5.750943,68.637009,92.703163
4.2504039,-0.300472,5.323507,1.963245,5.681931,69.786194,93.230492
4.2601910,-0.197522,5.412093,1.820790,5.713584,71.417038,92.090157
4.2712889,-0.197522,5.612009,1.562217,5.828737,74.453537,92.015762
4.2807107,-0.143652,5.870583,1.350330,6.025593,77.050095,91.401741
4.2901530,0.023942,6.147113,0.988805,6.226179,80.861931,89.776840
4.3009439,0.190339,6.466739,0.790087,6.517605,83.037285,88.314072
4.3101711,0.308852,6.797139,0.719458,6.842083,83.964088,87.398354
4.3201060,0.332794,7.049727,0.714669,7.093670,84.217789,87.297264
4.3308482,0.256180,7.115568,0.879869,7.174336,82.955444,87.938087
4.3405366,0.112527,7.024588,0.967257,7.091762,82.160896,89.082253
4.3501816,-0.080206,6.812701,0.981623,6.883524,81.801407,90.674507
4.3603210,-0.387861,6.617573,0.847547,6.682892,82.713928,93.354309
4.3701539,-0.689530,6.467936,0.800860,6.553703,82.980927,96.085175
4.3802218,-1.046266,6.384139,0.802058,6.518834,82.932594,99.307198
4.3907576,-1.452083,6.370971,0.737414,6.575834,83.561310,102.839622
4.4005265,-1.838747,6.299145,0.833182,6.614711,82.763863,106.272751
4.4106355,-2.303222,6.214150,1.039083,6.708218,81.089172,110.336792
4.4204268,-2.756923,6.063316,1.142034,6.757859,80.270699,114.450775
4.4307966,-3.134010,5.904101,1.140837,6.780999,80.314476,117.960220
4.4401217,-3.491943,5.825093,1.012747,6.866661,81.518646,120.941238
4.4500937,-3.744531,5.825093,0.940921,6.988459,82.262238,122.734032
4.4604640,-3.948039,5.930438,0.866701,7.176926,83.063911,123.652687
4.4700222,-4.103662,6.069301,0.763750,7.366123,84.048637,124.063965
4.4818873,-4.235343,6.596025,0.536301,7.857054,86.086105,122.704735
4.4901781,-4.090494,7.058106,0.084994,8.158200,89.403069,120.094246
4.5011063,-3.866636,7.666234,-0.386664,8.594854,92.578484,116.765114
4.5103621,-3.627216,8.451532,-0.695516,9.223277,94.324707,113.227966
4.5201173,-3.468001,9.467871,-0.973243,10.129897,95.513268,110.117355
4.5308442,-3.381810,10.581175,-1.011550,11.154422,95.203072,107.724205
4.5412226,-3.457227,11.604695,-0.940921,12.145234,94.443298,106.589645
4.5500607,-3.371036,12.539632,-0.839168,13.011935,93.697693,105.047104
4.5601497,-3.259706,13.360843,-0.629675,13.767145,92.621483,103.710861
4.5700531,-3.178303,13.754689,-0.361524,14.121749,91.466965,103.011002
4.5809112,-3.148375,13.745112,-0.159214,14.101975,90.646896,102.901283
4.5904713,-3.253720,13.427880,0.181959,13.817662,89.245476,103.620857
4.6006556,-3.438074,12.519280,0.355539,12.987654,88.431320,105.356133
4.6101017,-3.258508,11.722012,0.654814,12.184096,86.919250,105.534973
4.6200876,-2.713828,10.849325,0.593762,11.199343,86.960892,104.043678
4.6313777,-2.270900,10.314221,1.440112,10.658990,82.235146,102.416801
4.6405382,-1.719037,10.837354,1.994370,11.152616,79.698654,99.013245
4.6501455,-1.078588,11.257536,1.910573,11.469340,80.410919,95.472824
4.6600161,-0.714669,11.629835,2.005144,11.823047,80.235657,93.516479
4.6700649,-0.531513,11.944673,1.760935,12.085470,81.621788,92.547859
4.6803827,-0.542287,12.314576,1.782483,12.454722,81.771744,92.521454
4.6911840,-0.714669,12.805387,1.535880,12.916952,83.171135,93.194366
4.7010255,-1.089362,13.109451,1.406593,13.229623,83.896690,94.750221
4.7105150,-1.465251,13.406332,1.084573,13.529708,85.402100,96.237411
4.7201729,-1.829170,13.679272,0.869095,13.828364,86.396660,97.616318
4.7306805,-2.176329,13.735536,0.636858,13.921455,87.378006,99.003395
4.7401862,-2.410961,13.855246,0.228646,14.065307,89.068558,99.871239
4.7504535,-2.397793,13.983335,-0.020351,14.187442,90.082184,99.730164
4.7601604,-2.226608,13.930662,0.062249,14.107622,89.747185,99.081062
4.7701960,-1.877054,13.668497,-0.107739,13.797201,90.447411,97.819351
4.7805543,-1.574188,13.363236,-0.156820,13.456551,90.667732,96.718475
4.7908311,-1.526304,13.466187,0.356736,13.557104,88.492165,96.466499
4.8009129,-1.556231,13.657723,0.723049,13.765103,86.988998,96.500542
4.8102059,-1.435324,13.704411,0.945710,13.811784,86.073814,95.979042
4.8201127,-1.080982,13.619416,1.137246,13.709498,85.241669,94.538094
4.8301640,-0.584185,13.548787,0.671574,13.577993,87.164970,92.468903
4.8401270,-0.238223,13.482946,0.500388,13.494331,87.874908,91.012222
4.8500628,-0.034716,13.259089,0.573411,13.271528,87.523705,90.150017
4.8604069,0.108936,12.937069,0.660800,12.954392,87.076088,89.517555
4.8700337,0.296881,12.634202,0.876278,12.668034,86.033546,88.653900
4.8803701,0.488417,12.350490,1.039083,12.403743,85.194603,87.735336
4.8909502,0.630872,12.216414,0.960075,12.270310,85.512375,87.043793
4.9001369,0.757765,12.265495,0.846350,12.317990,86.060188,86.464745
4.9102268,0.912191,12.315774,0.743400,12.371864,86.555138,85.764015
4.9204111,1.055843,12.488156,0.482432,12.541994,87.795555,85.167274
4.9302678,1.055843,12.750321,0.392649,12.799988,88.242134,85.266190
4.9403496,0.749385,12.961011,0.495600,12.992113,87.813850,86.690933
4.9509802,0.152032,12.955026,0.329203,12.960099,88.544456,89.327644
4.9603095,-0.474052,12.840104,-0.063446,12.849009,90.282921,92.114380
4.9703078,-0.563834,12.774263,-1.012747,12.826744,94.528557,92.527298
4.9800200,-0.513556,13.109451,-2.398990,13.337039,100.362434,92.243385
4.9901190,-0.582988,13.864822,-2.912546,14.179425,101.853294,92.407753
5.0009828,-0.588974,14.920665,-2.026692,15.069194,97.729271,92.260506
5.0102077,-0.667982,15.573085,-2.026692,15.718608,97.408104,92.456100
5.0205669,-1.137246,14.767436,0.951695,14.841705,86.323502,94.403679
5.0302038,-1.535880,14.730326,2.240973,14.978765,81.395676,95.952522
5.0405431,-1.769315,14.950592,3.043030,15.359385,78.572845,96.749229
5.0500836,-1.842338,15.170859,3.360262,15.647382,77.599190,96.924057
5.0600467,-1.478420,15.302540,2.869451,15.639284,79.427643,95.518372
5.0703621,-0.636858,15.453375,2.276886,15.633189,81.625404,92.359917
5.0803528,0.361524,15.455770,2.039860,15.593990,82.483559,88.660042
5.0900817,0.920571,15.114595,1.719037,15.239866,83.523331,86.514648
5.1008568,0.924162,14.796166,0.987608,14.857860,86.188713,86.425972
5.1099939,0.684742,14.428657,-0.757765,14.464757,93.002930,87.282951
5.1200657,-0.051475,15.144523,-2.729390,15.388593,100.216286,90.194748
5.1300468,-1.346738,16.689980,-3.022680,17.014868,100.232872,94.613281
5.1404276,-2.674323,16.606182,-1.408988,16.879057,94.788368,99.148582
5.1501660,-3.835511,14.452599,0.554258,14.963154,87.877190,104.862869
5.1604290,-4.766856,12.713211,1.019930,13.615759,85.704063,110.553680
5.1700397,-5.063736,12.107478,-0.119710,13.124282,90.522621,112.696251
5.1802144,-4.514267,12.506113,-0.732626,13.316089,93.153900,109.847801
5.1901135,-3.499126,13.166912,-0.173580,13.625035,90.729958,104.882446
5.2001057,-2.564190,13.624205,0.841562,13.888926,86.526192,100.658859
5.2101860,-2.020706,13.716381,1.790863,13.979612,82.639877,98.380569
5.2208400,-1.784877,13.585897,2.280477,13.891111,80.551094,97.484497
5.2301922,-1.707066,13.432669,2.407370,13.753039,79.918854,97.242508
5.2404990,-1.744176,13.323732,2.224213,13.620247,80.601395,97.458038
5.2504182,-1.909376,13.346478,1.693898,13.588358,82.838989,98.141617
5.2601418,-2.118869,13.500903,0.752976,13.686891,86.846313,98.919403
5.2713137,-2.211045,13.773843,0.041899,13.950241,89.827919,99.119598
5.2799935,-2.285265,13.834894,-0.368707,14.027212,91.506203,99.379494
5.2904768,-2.355895,13.812150,-0.760159,14.032232,93.105370,99.679604
5.3004937,-2.369063,13.729549,-1.055843,13.972394,94.333763,99.790100
5.3109760,-2.543839,13.642161,-0.981623,13.911983,94.046127,100.562576
5.3201489,-2.810793,13.429077,-0.990002,13.755754,94.127151,101.821716
5.3301129,-3.150769,13.200431,-1.165976,13.621242,94.910522,103.424576
5.3402061,-3.626019,13.034034,-1.322796,13.593521,95.584335,105.546364
5.3502369,-4.176685,12.867637,-1.701080,13.635045,97.166779,107.982826
5.3604741,-4.759673,12.755110,-2.236184,13.796660,99.327736,110.463470
5.3708463,-5.062540,12.662932,-2.541445,13.872206,100.556442,111.791138
5.3801651,-4.884171,12.546814,-2.458845,13.686621,100.349564,111.269760
5.3900180,-4.450821,12.269087,-2.219425,13.238812,99.650940,109.939102
5.3998675,-3.979163,11.791444,-2.012326,12.606400,99.185265,108.647583
5.4099107,-3.688268,11.185710,-1.971625,11.941974,99.503067,108.248955
5.4213409,-3.440468,10.547656,-2.001553,11.273690,100.226616,108.065453
5.4299235,-3.303998,9.939528,-2.064999,10.675900,101.152802,108.387321
5.4401708,-2.949656,9.346964,-2.290054,10.065314,103.151070,107.514328
5.4499159,-2.512715,8.723274,-2.463634,9.406314,105.183586,106.068893
5.4599700,-2.217031,8.115147,-2.574964,8.797799,107.018639,105.280144
5.4699159,-2.223016,7.594408,-2.613271,8.333427,108.275658,106.315681
5.4799356,-2.287660,7.140707,-2.810793,8.007724,110.549118,107.763840
5.4898987,-2.434903,6.758832,-2.880225,7.739913,111.846809,109.811813
5.4999270,-2.545036,6.478710,-2.867057,7.528008,112.386467,111.446426
5.5098910,-2.305616,6.317101,-2.934094,7.336930,113.572403,110.051079
5.5201688,-1.885434,6.240487,-3.016694,7.183243,114.832230,106.811104
5.5299358,-1.526304,6.187814,-2.995146,7.041985,115.171364,103.856140
5.5399752,-1.349133,6.133945,-3.149572,7.026041,116.632828,102.404434
5.5498981,-1.315614,5.955577,-3.503914,7.033999,119.876999,102.456841
5.5599828,-1.436521,5.676652,-3.845088,7.005189,123.290993,104.201019
5.5700846,-1.780089,5.398925,-4.325125,7.143096,127.264633,108.247993
5.5799532,-1.991976,4.897339,-4.200627,6.752567,128.468079,112.133865
5.5899687,-2.124854,4.781221,-3.995923,6.583500,127.370026,113.961159
5.5999432,-2.230199,4.794389,-3.596091,6.394671,124.218987,114.946365
5.6101160,-2.188300,4.879383,-3.044227,6.153402,119.651466,114.155228
5.6204076,-2.000355,4.873397,-2.553416,5.854174,115.859779,112.316399
5.6304555,-1.890222,4.770447,-2.330755,5.635825,114.428711,111.615250
5.6401696,-1.911770,4.661511,-2.110489,5.462482,112.728241,112.299423
5.6500649,-1.926135,4.619612,-1.826776,5.328032,110.051292,112.633568
5.6605730,-1.836353,4.625597,-1.571793,5.219088,107.527435,111.652977
5.6704388,-1.649605,4.669890,-1.268927,5.112656,104.370628,109.455399
5.6806679,-1.510741,4.717774,-0.903811,5.035535,100.339859,107.756279
5.6901150,-1.487996,4.717774,-0.488417,4.970923,95.638687,107.505386
5.7012162,-1.623269,4.685453,-0.193930,4.962467,92.239655,109.108574
5.7105341,-1.804031,4.710592,-0.057461,5.044552,90.652649,110.955505
5.7201791,-1.932121,4.738125,0.015562,5.116949,89.825745,112.184738
5.7300291,-2.001553,4.707001,0.101754,5.115899,88.860329,113.036598
5.7411017,-2.130840,4.611232,0.162806,5.082366,88.164307,114.801544
5.7518530,-2.305616,4.485537,0.217872,5.048106,87.526390,117.203674
5.7602620,-2.422932,4.277241,0.169988,4.918769,88.019516,119.530289
5.7701178,-2.518700,4.101267,0.132878,4.814759,88.418541,121.555222
5.7805219,-2.562993,4.045004,0.180762,4.792042,87.838211,122.359138
5.7905121,-2.560599,4.129998,0.241814,4.865390,87.151176,121.798912
5.8007469,-2.406173,4.311957,0.277727,4.945683,86.780830,119.162537
5.8101497,-2.027889,4.547786,0.354342,4.992019,85.929626,114.032417
5.8207679,-1.410185,4.758476,0.422577,4.980992,85.133301,106.507309
5.8302727,-0.632069,4.950012,0.553061,5.020758,83.675758,97.276749
5.8402295,0.142455,5.091270,0.730232,5.145344,81.840988,88.397270
5.8501530,0.748188,5.232528,1.058237,5.390640,78.678734,81.862556
5.8602386,1.215057,5.385756,1.331176,5.679328,76.444351,77.286591
5.8701568,1.531092,5.623980,1.747767,6.085070,73.308273,74.770683
5.8807354,1.728614,6.035782,2.189497,6.649261,70.774658,74.018593
5.8901014,1.899799,6.651093,2.610877,7.393440,69.320862,74.058693
5.8999949,2.128445,7.394492,2.839523,8.201932,69.744827,73.941963
5.9100862,2.377442,8.107965,2.862268,8.920980,71.285858,73.657646
5.9208159,2.568978,8.693346,2.930503,9.526896,72.085159,73.537018
5.9313688,2.626439,9.089587,3.138798,9.968493,71.646919,73.883331
5.9402027,2.603694,9.221268,3.362656,10.154726,70.661896,74.232574
5.9508152,2.712631,9.245210,3.703830,10.322335,68.972435,73.647820
5.9616346,2.917335,9.264363,4.052186,10.524234,67.354156,72.520859
5.9702420,3.074155,9.327810,4.424485,10.771933,65.748550,71.759392
5.9801545,3.076549,9.427169,4.710592,10.978449,64.591049,71.925949
5.9900608,2.874239,9.530120,4.924873,11.105801,63.675755,73.216934
6.0011497,2.492364,9.659407,5.087678,11.198236,62.978260,75.531853
6.0111675,2.086547,9.777920,5.096058,11.221907,62.991867,77.954117
6.0202751,1.748964,9.850943,4.882974,11.132986,63.985146,79.932449
6.0301418,1.539472,9.928755,4.633977,11.064533,65.240288,81.186363
6.0405107,1.508347,10.034100,4.404134,11.061403,66.537216,81.451187
6.0502367,1.602918,10.164583,4.191050,11.110940,67.839630,81.038460
6.0607495,1.696292,10.263943,4.018668,11.152381,68.878822,80.615715
6.0708570,1.720234,10.277111,3.597288,11.023552,70.953979,80.497643
6.0805798,1.642422,10.220847,3.597288,10.959186,70.837761,80.870995
6.0900407,1.540669,10.075998,3.263297,10.702734,72.247665,81.306534
6.1003036,1.411382,9.939528,2.618060,10.374992,75.383781,81.918205
6.1101809,1.234211,9.854534,2.359486,10.207952,76.635689,82.861275
6.1201940,1.256956,9.914390,2.145205,10.221397,77.885033,82.774536
6.1301446,1.309628,9.963470,2.002750,10.246799,78.728912,82.511803
6.1401272,1.359907,9.949105,1.875857,10.215325,79.418633,82.216682
6.1512160,1.395820,9.873688,1.781286,10.129709,79.872009,81.953552
6.1602230,1.385046,9.727641,1.708263,9.973140,80.137383,81.896553
6.1701002,1.388637,9.550470,1.672350,9.794721,80.169159,81.727173
6.1799960,1.419762,9.362526,1.650802,9.612375,80.111160,81.377190
6.1900368,1.437718,9.220071,1.679533,9.481433,79.796837,81.137039
6.2006469,1.468843,9.162610,1.766921,9.446319,79.219406,80.892502
6.2102318,1.538275,9.169792,1.831564,9.476604,78.856194,80.477043
6.2201738,1.608904,9.236830,1.878251,9.562187,78.672028,80.119148
6.2300692,1.678335,9.329007,1.920150,9.671306,78.548355,79.801300
6.2400346,1.777695,9.399636,1.910573,9.755186,78.705498,79.290497
6.2512908,1.874660,9.437943,1.917756,9.811570,78.728485,78.765556
6.2602921,1.903390,9.460688,1.966837,9.848652,78.480225,78.624557
6.2700448,1.917756,9.451111,2.029086,9.854871,78.118004,78.529663
6.2801518,1.924938,9.436746,2.096124,9.856536,77.721527,78.470787
6.2901917,1.906982,9.427169,2.181118,9.862321,77.223022,78.564194
6.3001180,1.875857,9.392453,2.275689,9.844581,76.634529,78.705513
6.3103180,1.841141,9.362526,2.372654,9.832404,76.036148,78.874741
6.3208656,1.794454,9.333796,2.467225,9.819725,75.448395,79.117470
6.3300395,1.781286,9.317036,2.549825,9.822512,74.954269,79.176468
6.3400469,1.814805,9.350554,2.657564,9.888834,74.410461,79.016289
6.3498731,1.861492,9.382876,2.742558,9.951138,74.002083,78.778656
6.3601499,1.935712,9.459491,2.823961,10.060005,73.697319,78.435127
6.3699660,2.062605,9.556456,2.855086,10.184875,73.720337,77.820473
6.3799500,2.213439,9.619903,2.845509,10.273206,73.919746,77.042358
6.3899665,2.351106,9.652225,2.843115,10.333268,74.029533,76.310379
6.4004645,2.398990,9.607931,2.795230,10.289840,74.237549,75.980553
6.4101329,2.361880,9.508572,2.778471,10.183875,74.167236,76.050346
6.4200006,2.269703,9.429564,2.742558,10.079179,74.210655,76.466309
6.4300799,2.172738,9.391256,2.673126,10.003104,74.500519,76.973381
6.4401817,2.091335,9.406818,2.578555,9.975513,75.019608,77.465790
6.4503508,2.051831,9.453506,2.452860,9.979744,75.771843,77.754204
6.4608879,2.068590,9.542090,2.367866,10.046758,76.368019,77.768356
6.4706168,2.103306,9.612720,2.309207,10.107458,76.793243,77.657936
6.4802432,2.127248,9.606734,2.267309,10.097287,77.023796,77.514290
6.4902458,2.098518,9.513360,2.219425,9.991679,77.165985,77.560539
6.5000296,2.044648,9.409213,2.175132,9.871428,77.270630,77.740067
6.5109730,1.951274,9.302670,2.130840,9.741028,77.364433,78.153709
6.5212250,1.889025,9.232041,2.055422,9.644883,77.695328,78.435982
6.5301237,1.879448,9.208099,1.902193,9.588522,78.557625,78.463921
6.5401578,1.873463,9.252393,1.736993,9.598635,79.574173,78.553276
6.5502348,1.837550,9.321824,1.618480,9.638074,80.332764,78.848633
6.5606198,1.942895,9.409213,1.482011,9.721342,81.231110,78.333054
6.5701299,2.142811,9.461885,1.359907,9.796339,82.020554,77.239609
6.5809608,2.206257,9.479841,1.369483,9.829062,81.990921,76.898689
6.5902967,2.129642,9.470264,1.534683,9.827336,81.015648,77.326340
6.6007466,2.115277,9.710882,2.184709,10.175882,77.602379,77.711479
6.6105051,1.711854,9.581595,1.552640,9.856374,80.936646,79.870377
6.6208029,1.747767,9.370906,1.185130,9.605888,82.913055,79.435150
6.6300168,1.770512,9.397242,1.667562,9.706885,80.107994,79.330116
6.6404686,1.720234,9.408015,2.061408,9.783628,77.836639,79.638062
6.6500721,1.648408,9.375694,2.061408,9.740138,77.781494,80.028336
6.6605554,1.798046,9.509769,2.304419,9.948821,76.607101,79.293274
6.6700630,1.952471,9.548077,2.353500,10.025810,76.423454,78.443001
6.6801476,2.056619,9.532514,2.406173,10.044310,76.139671,77.825172
6.6901422,2.069787,9.576807,2.304419,10.065267,76.764877,77.804527
6.7005329,1.975216,9.624691,2.161964,10.060330,77.590347,78.402565
6.7100878,2.011129,9.676167,2.042254,10.091761,78.324509,78.258606
6.7201247,2.223016,9.868899,2.130840,10.338155,78.105270,77.305725
6.7302146,2.173935,9.951499,2.109292,10.402281,78.300896,77.677155
6.7401934,2.018312,9.834184,1.975216,10.231629,78.869164,78.401993
6.7504954,1.981202,9.750386,1.887828,10.127146,79.256493,78.514313
6.7604480,2.067393,9.749189,1.872266,10.140325,79.360107,78.027336
6.7702155,2.155979,9.765948,1.801637,10.162081,79.788040,77.550789
6.7802339,2.188300,9.786300,1.697489,10.170633,80.392311,77.395523
6.7912960,2.085350,9.664195,1.660379,10.025079,80.466599,77.823357
6.8005929,1.917756,9.382876,1.771709,9.739359,79.518837,78.448479
6.8103709,1.909376,9.253590,1.902193,9.638101,78.617271,78.341270
6.8206730,2.033874,9.282320,1.978808,9.706379,78.236832,77.641083
6.8304448,2.161964,9.390059,2.070984,9.855774,77.870087,77.034195
6.8402233,2.246958,9.494206,1.988384,9.957030,78.480789,76.685013
6.8502407,2.366668,9.578004,1.914164,10.050040,79.020172,76.120567
6.8601699,2.547431,9.657013,1.841141,10.155643,79.554955,75.222534
6.8700829,2.591723,9.645041,1.748964,10.139169,80.067039,74.959312
6.8811069,2.517503,9.579201,1.745373,10.057098,80.005920,75.275116
6.8901849,2.266112,9.604341,1.720234,10.016877,80.111374,76.724060
6.9001117,1.875857,9.623494,1.553837,9.926977,80.994652,78.969948
6.9101958,2.002750,9.539697,1.395820,9.847088,81.850906,78.143593
6.9204340,2.069787,9.351752,1.523909,9.698535,80.959778,77.520126
6.9301295,1.891419,9.175778,1.726219,9.526396,79.560112,78.352661
6.9400120,1.744176,9.123106,1.806425,9.462367,78.994324,79.176666
6.9502234,1.657985,9.196129,1.774103,9.511317,79.249916,79.779846
6.9610329,1.679533,9.339781,1.693898,9.639586,79.879257,79.805702
6.9704127,1.777695,9.489418,1.630451,9.791202,80.414330,79.389511
6.9808626,1.903390,9.643845,1.557428,9.952497,80.997002,78.835121
6.9902425,1.995567,9.700109,1.564611,10.026086,81.022072,78.374947
7.0000787,2.042254,9.708488,1.594538,10.048287,80.869270,78.120598
7.0102639,2.068590,9.740809,1.612495,10.087744,80.801987,78.010597
7.0207129,2.045845,9.782708,1.659182,10.131127,80.574173,78.188042
7.0302439,1.999158,9.793482,1.647211,10.130262,80.641983,78.462631
7.0409641,1.911770,9.818622,1.669956,10.141447,80.522141,78.981873
7.0500088,1.842338,9.797073,1.710657,10.114505,80.262810,79.349915
7.0601597,1.817199,9.777920,1.739388,10.096306,80.079613,79.471855
7.0700350,1.863886,9.568427,1.948880,9.941176,78.694443,78.977081
7.0801129,1.918953,9.202114,2.788048,9.804820,73.479713,78.220695
13.8840103,1.082179,10.462662,-1.118092,10.577738,96.067635,84.094757
13.8998175,1.517924,9.454702,0.374693,9.583104,87.759201,80.879166
13.9098234,1.754950,9.214086,1.173159,9.452806,82.870811,79.216385
13.9198294,1.740585,9.003395,1.680730,9.322854,79.613899,79.058258
13.9299374,1.629254,8.998607,2.056619,9.373318,77.325493,79.737419
13.9399214,1.606509,9.428367,2.305616,9.838233,76.446533,80.330177
13.9500303,1.777695,10.152613,2.483984,10.602166,76.450211,80.068344
13.9604979,2.063802,10.582372,2.477999,11.062837,77.056328,78.964546
13.9699297,2.209848,10.593145,2.794033,11.176081,75.522423,78.216454
13.9800014,2.144008,10.506954,2.942474,11.119847,74.655945,78.466789
13.9900770,1.635240,9.807847,2.400187,10.228821,76.429039,80.534279
14.0000753,1.345541,9.085996,1.886631,9.376842,78.392799,81.576317
14.0099487,1.455675,9.032125,1.502362,9.271212,80.674332,80.844574
14.0202284,1.772906,9.317036,1.359907,9.581216,81.840187,79.226189
14.0302658,2.178724,9.874885,1.471237,10.218842,81.722191,77.557999
14.0406103,2.072181,10.439917,1.806425,10.795785,80.367561,78.773476
14.0499115,2.609680,10.691308,2.029086,11.190697,79.553406,76.282700
14.0601492,3.049016,10.441113,2.122460,11.082337,78.958649,73.721130
14.0702286,2.492364,9.873688,1.612495,10.310273,81.002182,75.833069
14.0800095,1.733402,9.367314,1.131260,9.593279,83.227798,79.516129
14.0900536,1.225831,9.117120,1.080982,9.262454,83.297974,82.342293
14.1002073,1.090559,9.075222,1.221043,9.221709,82.391144,83.147690
14.1103153,1.165976,9.172187,1.310825,9.338456,81.930824,82.755371
14.1199436,1.271321,9.283517,1.242591,9.452194,82.445999,82.202194
14.1298685,1.365892,9.378088,1.101333,9.540813,83.371353,81.713303
14.1399469,1.452083,9.443929,1.012747,9.608434,83.949677,81.258751
14.1500807,1.526304,9.469068,1.048660,9.648447,83.760368,80.843346
14.1602983,1.582567,9.491813,1.125275,9.688409,83.330246,80.534164
14.1699333,1.606509,9.482236,1.238999,9.696844,82.659050,80.384087
14.1800528,1.617283,9.476251,1.327585,9.704505,82.137230,80.314819
14.1901007,1.626860,9.459491,1.377863,9.696759,81.830894,80.241631
14.2011805,1.623269,9.487024,1.403002,9.726616,81.706520,80.290482
14.2101135,1.592144,9.504981,1.449689,9.745830,81.445526,80.490875
14.2201223,1.551443,9.513360,1.513135,9.757078,81.078514,80.737717
14.2300377,1.552640,9.521740,1.565808,9.773739,80.781166,80.738708
14.2404556,1.610101,9.513360,1.624466,9.784444,80.443199,80.393936
14.2499170,1.716643,9.533711,1.677138,9.831140,80.177612,79.792679
14.2601738,1.829170,9.574412,1.733402,9.900501,79.916557,79.184105
14.2701092,1.905785,9.621099,1.764527,9.965496,79.801231,78.795670
14.2800331,1.934515,9.685743,1.813608,10.042169,79.595337,78.705048
14.2900867,1.868674,9.676167,1.832761,10.023930,79.464851,79.069519
14.3000736,1.783680,9.655815,1.839944,9.990079,79.386841,79.533958
14.3099213,1.729811,9.637859,1.807622,9.957314,79.540695,79.824844
14.3199282,1.716643,9.647436,1.776498,9.958706,79.724213,79.910522
14.3299389,1.715446,9.659407,1.744176,9.964389,79.918961,79.929649
14.3401461,1.705869,9.660604,1.710657,9.958092,80.108345,79.985947
14.3501749,1.691504,9.692925,1.677138,9.981321,80.326836,80.101051
14.3602047,1.667562,9.714474,1.623269,9.989332,80.647949,80.259682
14.3701019,1.656788,9.716867,1.588553,9.984285,80.845032,80.323761
14.3801460,1.651999,9.697714,1.549049,9.958630,81.051399,80.332504
14.3901215,1.616086,9.655815,1.539472,9.910422,81.063560,80.498520
14.4002390,1.583764,9.593566,1.545457,9.845469,80.968849,80.625809
14.4102764,1.558625,9.552865,1.515530,9.797111,81.101097,80.733391
14.4201250,1.556231,9.532514,1.476025,9.770840,81.311386,80.727966
14.4305658,1.576582,9.531317,1.434127,9.766695,81.556244,80.607712
14.4406033,1.580173,9.546879,1.411382,9.779154,81.701775,80.601768
14.4504414,1.569399,9.549273,1.387440,9.776330,81.841133,80.667015
14.4605246,1.575385,9.558850,1.369483,9.784117,81.953888,80.641266
14.4701710,1.571793,9.561244,1.367089,9.785543,81.969223,80.664520
14.4799662,1.568202,9.570822,1.364695,9.793992,81.990341,80.694633
14.4900990,1.567005,9.578004,1.379060,9.802830,81.912811,80.708466
14.5004339,1.580173,9.564836,1.399411,9.794967,81.786018,80.619095
14.5104160,1.582567,9.564836,1.431733,9.800023,81.599319,80.605133
14.5200357,1.590947,9.545682,1.464054,9.787472,81.397148,80.537682
14.5299606,1.600524,9.533711,1.491588,9.781522,81.228729,80.470024
14.5406771,1.607706,9.531317,1.526304,9.785720,81.026794,80.425690
14.5508375,1.607706,9.546879,1.552640,9.805015,80.888771,80.441010
14.5599470,1.598130,9.567230,1.593341,9.829783,80.671585,80.516754
14.5700788,1.599327,9.587581,1.602918,9.851339,80.635735,80.529556
14.5809879,1.596933,9.581595,1.593341,9.843572,80.684769,80.537682
14.5903587,1.599327,9.579201,1.549049,9.834556,80.937553,80.521423
14.6012793,1.602918,9.562442,1.513135,9.813216,81.129967,80.484184
14.6104164,1.632846,9.586384,1.495179,9.838724,81.258965,80.333595
14.6201658,1.669956,9.623494,1.508347,9.883092,81.221268,80.155548
14.6300993,1.709460,9.665392,1.531092,9.934098,81.133957,79.970161
14.6399975,1.754950,9.709685,1.577779,9.992358,80.915054,79.754845
14.6505175,1.798046,9.724051,1.613692,10.019688,80.732033,79.523933
14.6604156,1.800440,9.708488,1.641225,10.009492,80.562775,79.493851
14.6701412,1.760935,9.679757,1.665167,9.978545,80.393837,79.689545
14.6799917,1.697489,9.639056,1.662773,9.927623,80.358109,80.012321
14.6900673,1.642422,9.615114,1.643619,9.891889,80.435471,80.306480
14.7003222,1.618480,9.610326,1.596933,9.875628,80.694160,80.440491
14.7107573,1.635240,9.611523,1.545457,9.871364,80.992737,80.344536
14.7200928,1.632846,9.628283,1.523909,9.883942,81.130737,80.374870
14.7302523,1.643619,9.633071,1.492785,9.885644,81.314812,80.317291
14.7400789,1.668759,9.646238,1.496376,9.903222,81.309326,80.185211
14.7502642,1.702277,9.657013,1.478420,9.916721,81.426186,80.002960
14.7603331,1.722628,9.654618,1.492785,9.920056,81.345169,79.883446
14.7700682,1.691504,9.628283,1.523909,9.893802,81.139648,80.035919
14.7803946,1.640028,9.611523,1.520318,9.868254,81.137627,80.316795
14.7902994,1.606509,9.585187,1.513135,9.835968,81.150650,80.485466
14.8000813,1.600524,9.568427,1.485602,9.814453,81.293739,80.503967
14.8100262,1.596933,9.560047,1.466449,9.802814,81.396561,80.516739
14.8200779,1.618480,9.550470,1.473631,9.798089,81.349899,80.381691
14.8301306,1.654393,9.564836,1.497573,9.821701,81.229561,80.186859
14.8399916,1.701080,9.572019,1.510741,9.838676,81.167213,79.922951
14.8501463,1.727417,9.579201,1.528698,9.853019,81.074493,79.777718
14.8603973,1.757344,9.595961,1.537078,9.875896,81.046127,79.622208
14.8707170,1.768118,9.591172,1.544260,9.874289,81.002464,79.554878
14.8816729,1.764527,9.594764,1.537078,9.876015,81.046234,79.579445
14.8902311,1.751359,9.582792,1.525106,9.860178,81.102150,79.642883
14.9008179,1.735796,9.588778,1.515530,9.861768,81.159912,79.739220
14.9100370,1.735796,9.593566,1.545457,9.871065,80.992462,79.744232
14.9205456,1.732205,9.599552,1.568202,9.879838,80.866959,79.771255
14.9301643,1.736993,9.617508,1.600524,9.903296,80.699333,79.762321
14.9400492,1.727417,9.643845,1.588553,9.925282,80.790131,79.844810
14.9503736,1.711854,9.665392,1.580173,9.942192,80.854851,79.956398
14.9600143,1.691504,9.677363,1.547851,9.945270,81.046257,80.085442
14.9700174,1.666364,9.673772,1.513135,9.932180,81.237053,80.226379
14.9802074,1.665167,9.657013,1.472434,9.909528,81.454910,80.216644
14.9911003,1.672350,9.648633,1.464054,9.901329,81.496811,80.166893
15.0001869,1.686715,9.628283,1.478420,9.886079,81.399406,80.063560
15.0101414,1.695095,9.606734,1.513135,9.871792,81.183022,79.993240
15.0200720,1.705869,9.593566,1.550246,9.866598,80.960197,79.917397
15.0305099,1.707066,9.609129,1.568202,9.884770,80.871552,79.926476
15.0400524,1.722628,9.636662,1.565808,9.913851,80.912567,79.864983
15.0501385,1.731008,9.665392,1.545457,9.940052,81.055496,79.846352
15.0599508,1.726219,9.662998,1.526304,9.933930,81.161751,79.871399
15.0701189,1.731008,9.672575,1.498770,9.939890,81.327675,79.853729
15.0800695,1.727417,9.673772,1.495179,9.939889,81.348610,79.875572
15.0902939,1.739388,9.647436,1.510741,9.918711,81.239052,79.779640
15.1002045,1.762132,9.617508,1.546654,9.899178,81.011238,79.617355
15.1102390,1.760935,9.598354,1.572991,9.884513,80.843201,79.603996
15.1215067,1.777695,9.585187,1.571793,9.874540,80.840904,79.493149
15.1311378,1.792060,9.579201,1.557428,9.869050,80.920235,79.403694
15.1402092,1.777695,9.587581,1.545457,9.872706,80.993973,79.495712
15.1500034,1.765724,9.615114,1.546654,9.897492,81.009697,79.594124
15.1604671,1.723825,9.609129,1.540669,9.883349,81.031853,79.829636
15.1704540,1.709460,9.605537,1.539472,9.877174,81.033234,79.908943
15.1801071,1.693898,9.613917,1.528698,9.880972,81.099945,80.007484
15.1901445,1.686715,9.601946,1.503559,9.864231,81.232498,80.036850
15.2001066,1.710657,9.598354,1.484405,9.861958,81.343033,79.894623
15.2102566,1.711854,9.597157,1.464054,9.857958,81.459122,79.886459
15.2206011,1.740585,9.625888,1.461660,9.890592,81.501534,79.750343
15.2302303,1.776498,9.654618,1.456872,9.924216,81.558495,79.573914
15.2402554,1.795651,9.680955,1.491588,9.958418,81.385727,79.492035
15.2499990,1.795651,9.682152,1.537078,9.966496,81.128181,79.493301
15.2599688,1.775301,9.646238,1.583764,9.935287,80.827461,79.571938
15.2701225,1.732205,9.607931,1.617283,9.895882,80.593964,79.779984
15.2801075,1.684321,9.589975,1.602918,9.867822,80.651512,80.038544
15.2902498,1.650802,9.591172,1.581370,9.859840,80.770760,80.234116
15.3001394,1.613692,9.604341,1.568202,9.864411,80.852547,80.462418
15.3101015,1.595735,9.619903,1.541866,9.872499,81.014885,80.581619
15.3199511,1.611298,9.641450,1.511938,9.891400,81.207657,80.512299
15.3302870,1.641225,9.653421,1.493982,9.905258,81.325134,80.351128
15.3406096,1.693898,9.646238,1.503559,9.908577,81.272041,80.040298
15.3499947,1.693898,9.646238,1.503559,9.908577,81.272041,80.040298
15.3600407,1.715446,9.621099,1.546654,9.894465,81.006927,79.890381
15.3704710,1.731008,9.615114,1.552640,9.892295,80.969833,79.794365
15.3802433,1.738190,9.606734,1.529895,9.881864,81.093735,79.744171
15.3901739,1.745373,9.613917,1.527501,9.889742,81.114922,79.710220
15.4002552,1.747767,9.592369,1.513135,9.867006,81.178711,79.673759
15.4100609,1.740585,9.561244,1.535880,9.839002,81.019333,79.682526
15.4203987,1.715446,9.532514,1.568202,9.811769,80.803047,79.798393
15.4300585,1.710657,9.537302,1.570596,9.815969,80.792862,79.831276
15.4401379,1.757344,9.554062,1.558625,9.838581,80.884819,79.577690
15.4503765,1.792060,9.593566,1.565808,9.884317,80.885185,79.419197
15.4601383,1.830367,9.634268,1.572991,9.931952,80.887306,79.242859
15.4707241,1.849521,9.679757,1.590947,9.982462,80.829422,79.182823
15.4803829,1.838747,9.686940,1.590947,9.987437,80.834030,79.252144
15.4900970,1.810017,9.670180,1.592144,9.966116,80.807281,79.398331
15.5008650,1.770512,9.649830,1.593341,9.939450,80.775414,79.603233
15.5112953,1.725022,9.595961,1.589750,9.878535,80.739136,79.809044
15.5215797,1.680730,9.554062,1.581370,9.828819,80.741371,80.022736
15.5300808,1.661576,9.544485,1.575385,9.815288,80.763901,80.124489
15.5401974,1.665167,9.552865,1.567005,9.822704,80.820450,80.112076
15.5502558,1.678335,9.560047,1.577779,9.833652,80.767166,80.042778
15.5600843,1.705869,9.588778,1.571793,9.865353,80.832306,79.912468
15.5717049,1.732205,9.609129,1.546654,9.885749,80.998932,79.781235
15.5800991,1.747767,9.621099,1.521515,9.896224,81.155861,79.703934
15.5902033,1.774103,9.628283,1.525106,9.908442,81.145844,79.559807
15.6001644,1.766921,9.611523,1.526304,9.891056,81.123131,79.583412
15.6101580,1.756147,9.585187,1.515530,9.861880,81.160011,79.617722
15.6202707,1.733402,9.542090,1.538275,9.819494,80.987198,79.704010
15.6301622,1.708263,9.521740,1.550246,9.797191,80.895615,79.828964
15.6402245,1.696292,9.514558,1.555034,9.788889,80.859436,79.891296
15.6500635,1.713051,9.524135,1.553837,9.800923,80.877846,79.803558
15.6604204,1.736993,9.548077,1.556231,9.828772,80.889778,79.689468
15.6712141,1.782483,9.569624,1.570596,9.860107,80.834435,79.448730
15.6800661,1.796848,9.601946,1.593341,9.897715,80.736176,79.400620
15.6902304,1.777695,9.613917,1.618480,9.909948,80.600418,79.523849
15.7002411,1.757344,9.612720,1.634043,9.907710,80.507042,79.639908
15.7100830,1.744176,9.609129,1.602918,9.896811,80.679138,79.712112
15.7200384,1.725022,9.592369,1.574188,9.872553,80.824974,79.805305
15.7303200,1.719037,9.575610,1.561020,9.853130,80.884293,79.822533
15.7404404,1.703475,9.570822,1.539472,9.842380,81.001274,79.907822
15.7503338,1.703475,9.583989,1.549049,9.856684,80.958076,79.921402
15.7601929,1.720234,9.586384,1.558625,9.863431,80.907974,79.826797
15.7705889,1.747767,9.603143,1.578976,9.887780,80.811119,79.685097
15.7805223,1.771709,9.599552,1.602918,9.892406,80.674957,79.543068
15.7915592,1.769315,9.588778,1.611298,9.882885,80.616653,79.545410
15.8011322,1.754950,9.564836,1.598130,9.854945,80.667404,79.603050
15.8101234,1.731008,9.550470,1.581370,9.834054,80.746346,79.726753
15.8199863,1.716643,9.569624,1.557428,9.846327,80.899101,79.830185
15.8304739,1.725022,9.586384,1.541866,9.861633,81.004906,79.799072
15.8400393,1.751359,9.579201,1.539472,9.858920,81.016495,79.639084
15.8503437,1.776498,9.548077,1.553837,9.835452,80.910141,79.460175
15.8601866,1.769315,9.518148,1.564611,9.806815,80.819618,79.469566
15.8712101,1.750161,9.543288,1.575385,9.829509,80.777374,79.607895
15.8803005,1.750161,9.543288,1.575385,9.829509,80.777374,79.607895
15.8900623,1.783680,9.555259,1.568202,9.846002,80.835297,79.426292
15.9002275,1.795651,9.540894,1.570596,9.834621,80.810471,79.341286
15.9103336,1.748964,9.443929,1.557428,9.729966,80.789322,79.508003
15.9200563,1.735796,9.414001,1.522712,9.693042,80.961777,79.552879
15.9301739,1.727417,9.400833,1.513135,9.677253,81.004318,79.587967
15.9401169,1.721431,9.428367,1.484405,9.698499,81.195984,79.652908
15.9500418,1.723825,9.473856,1.464054,9.740070,81.354965,79.687508
15.9604101,1.734599,9.518148,1.429338,9.779928,81.596107,79.671692
15.9702635,1.723825,9.558850,1.429338,9.817647,81.628632,79.777260
15.9800539,1.690306,9.567230,1.436521,9.821029,81.589172,79.980568
15.9901323,1.669956,9.558850,1.426944,9.807983,81.634460,80.090294
16.0003643,1.667562,9.549273,1.420959,9.797373,81.660713,80.094490
16.0100498,1.684321,9.539697,1.416170,9.790214,81.682892,79.987099
16.0221443,1.728614,9.554062,1.430536,9.814002,81.618431,79.744438
16.0303402,1.769315,9.580399,1.448492,9.849500,81.543266,79.536469
16.0404415,1.814805,9.603143,1.474828,9.883774,81.418442,79.298431
16.0503216,1.833959,9.627085,1.534683,9.919648,81.099937,79.214394
16.0600948,1.826776,9.635465,1.607706,9.938008,80.690147,79.264778
16.0714111,1.793257,9.643845,1.651999,9.947292,80.440292,79.466255
16.0803413,1.772906,9.646238,1.651999,9.945965,80.439011,79.585693
16.0904732,1.780089,9.653421,1.624466,9.949681,80.603355,79.552040
16.1000614,1.787272,9.636662,1.593341,9.929668,80.766251,79.492973
16.1104336,1.806425,9.617508,1.569399,9.910733,80.888657,79.362259
16.1207771,1.817199,9.580399,1.562217,9.875565,80.898140,79.259789
16.1304836,1.825579,9.557653,1.590947,9.859645,80.714188,79.186356
16.1402245,1.842338,9.545682,1.612495,9.854664,80.582481,79.076103
16.1500397,1.867477,9.546879,1.594538,9.857633,80.691124,78.932053
16.1606350,1.895011,9.579201,1.575385,9.891107,80.835304,78.809914
16.1705704,1.878251,9.576807,1.570596,9.884829,80.857552,78.903709
16.1808701,1.841141,9.595961,1.544260,9.892270,81.018951,79.138863
16.1903610,1.806425,9.579201,1.504756,9.863496,81.224800,79.320694
16.2003078,1.772906,9.558850,1.486799,9.834907,81.304932,79.492592
16.2101784,1.756147,9.542090,1.485602,9.815425,81.294609,79.571854
16.2202129,1.763330,9.546879,1.473631,9.819563,81.368965,79.535278
16.2300262,1.796848,9.540894,1.480814,9.820902,81.327759,79.334343
16.2409401,1.839944,9.561244,1.480814,9.848634,81.352371,79.107292
16.2500610,1.857901,9.569624,1.474828,9.859241,81.396927,79.012955
16.2600327,1.872266,9.585187,1.497573,9.880482,81.282143,78.947632
16.2700539,1.871069,9.581595,1.493982,9.876226,81.299438,78.950485
16.2801876,1.854309,9.595961,1.521515,9.891205,81.151337,79.063049
16.2901974,1.813608,9.592369,1.527501,9.881092,81.107086,79.293594
16.3005352,1.787272,9.582792,1.537078,9.868478,81.039337,79.435234
16.3100815,1.770512,9.581595,1.521515,9.861880,81.124817,79.530823
16.3201351,1.772906,9.600749,1.508347,9.878901,81.217522,79.537437
16.3299847,1.804031,9.627085,1.491588,9.907578,81.341187,79.386368
16.3399963,1.819593,9.640253,1.456872,9.918058,81.553215,79.311195
16.3515816,1.837550,9.642648,1.477222,9.926702,81.441856,79.210800
16.3601341,1.841141,9.625888,1.495179,9.913782,81.325653,79.171837
16.3700409,1.853112,9.589975,1.520318,9.884989,81.152756,79.063286
16.3799019,1.849521,9.551667,1.529895,9.848637,81.063438,79.041245
16.3899460,1.849521,9.534908,1.549049,9.835382,80.938324,79.022453
16.4005337,1.866280,9.569624,1.561020,9.874082,80.903793,78.964615
16.4100418,1.911770,9.625888,1.586159,9.941251,80.819038,78.766823
16.4200325,1.932121,9.684546,1.570596,9.999515,80.963287,78.717308
16.4300957,1.950077,9.685743,1.578976,10.005478,80.920128,78.616547
16.4402523,1.947683,9.651027,1.602918,9.975226,80.753059,78.590332
16.4500980,1.891419,9.598354,1.604115,9.913580,80.688034,78.852318
16.4601212,1.884237,9.587581,1.606509,9.902167,80.663170,78.881424
16.4703407,1.880645,9.583989,1.617283,9.899761,80.597679,78.898033
16.4809170,1.832761,9.556456,1.625663,9.865477,80.515373,79.143494
16.4900188,1.799243,9.543288,1.624466,9.846345,80.503838,79.323074
16.5008297,1.792060,9.526528,1.586159,9.822532,80.707092,79.346443
16.5099773,1.794454,9.538500,1.516727,9.823620,81.118240,79.345619
16.5202198,1.825579,9.556456,1.484405,9.841852,81.325218,79.185036
16.5299988,1.844732,9.588778,1.474828,9.875364,81.411079,79.110229
16.5399933,1.867477,9.601946,1.456872,9.889758,81.528862,78.993973
16.5500755,1.856703,9.611523,1.456872,9.897030,81.535133,79.066574
16.5606613,1.835156,9.587581,1.474828,9.872416,81.408493,79.164101
16.5701523,1.788469,9.536105,1.480814,9.814720,81.322258,79.377739
16.5802689,1.750161,9.487024,1.497573,9.762654,81.176094,79.547623
16.5899887,1.716643,9.472659,1.502362,9.743470,81.130081,79.728294
16.6004314,1.723825,9.493010,1.515530,9.766557,81.073029,79.707870
16.6121330,1.769315,9.545682,1.507150,9.824562,81.175621,79.499260
16.6206074,1.837550,9.599552,1.496376,9.887727,81.295601,79.163506
16.6303158,1.893813,9.655815,1.489193,9.951834,81.393929,78.903328
16.6412907,1.933318,9.674969,1.498770,9.979431,81.362297,78.699608
16.6500454,1.939303,9.660604,1.539472,9.972870,81.119972,78.649109
16.6602478,1.912967,9.623494,1.551443,9.933683,81.014763,78.757240
16.6703300,1.855506,9.585187,1.570596,9.888655,80.861115,79.044159
16.6801167,1.796848,9.542090,1.574188,9.836576,80.791122,79.335648
16.6899967,1.764527,9.538500,1.578976,9.828006,80.754745,79.519341
16.7002735,1.759738,9.544485,1.552640,9.828762,80.910973,79.553566
16.7100239,1.768118,9.558850,1.528698,9.840466,81.063011,79.520340
16.7202721,1.784877,9.582792,1.491588,9.861061,81.300026,79.449074
16.7301846,1.824382,9.623494,1.482011,9.906380,81.396156,79.265495
16.7405701,1.837550,9.628283,1.474828,9.912393,81.443405,79.195084
16.7502575,1.847127,9.622296,1.480814,9.909251,81.405670,79.133507
16.7604103,1.836353,9.593566,1.490391,9.880788,81.324554,79.163803
16.7700043,1.819593,9.545682,1.498770,9.832460,81.232178,79.207779
16.7800007,1.807622,9.526528,1.509544,9.813306,81.151268,79.256073
16.7908459,1.795651,9.516952,1.514333,9.802547,81.113152,79.315086
16.8001232,1.807622,9.525331,1.515530,9.813066,81.115685,79.254753
16.8103809,1.831564,9.554062,1.519121,9.845936,81.124428,79.147758
16.8201866,1.857901,9.569624,1.490391,9.861580,81.307526,79.012955
16.8312950,1.845930,9.578004,1.516727,9.871478,81.161644,79.091370
16.8400764,1.842338,9.587581,1.490391,9.876091,81.320396,79.122696
16.8503113,1.841141,9.586384,1.467646,9.871299,81.449677,79.128273
16.8604870,1.823185,9.575610,1.480814,9.859468,81.361946,79.219978
16.8704910,1.794454,9.537302,1.505953,9.820799,81.179276,79.344307
16.8800049,1.756147,9.524135,1.533486,9.805344,81.002411,79.552628
16.8906841,1.747767,9.526528,1.519121,9.803936,81.086098,79.603943
16.9001465,1.758541,9.549273,1.521515,9.828332,81.094276,79.565636
16.9101715,1.799243,9.576807,1.491588,9.857857,81.297180,79.359589
16.9200191,1.824382,9.563639,1.473631,9.846987,81.393181,79.199883
16.9302158,1.812411,9.524135,1.443704,9.801951,81.530243,79.225632
16.9403992,1.780089,9.446322,1.408988,9.715296,81.661110,79.328186
16.9505863,1.705869,9.379285,1.351527,9.628478,81.930878,79.691933
16.9620380,1.550246,9.317036,1.288081,9.532553,82.234184,80.553200
16.9705811,1.550246,9.317036,1.261744,9.529030,82.391090,80.553200
16.9799976,1.557428,9.345766,1.261744,9.558290,82.414520,80.538864
16.9899006,1.622072,9.436746,1.248576,9.656201,82.570679,80.246803
16.9998932,1.921347,9.616311,1.331176,9.896315,82.269577,78.701042
17.0102386,2.044648,9.619903,1.365892,9.929188,82.093132,78.000717
17.0198936,2.057816,9.570822,1.410185,9.890594,81.802925,77.865608
17.0299683,2.011129,9.482236,1.447295,9.800617,81.507851,78.025337
17.0398521,1.934515,9.397242,1.462857,9.705176,81.330788,78.367599
17.0498714,1.879448,9.354146,1.468843,9.653490,81.248070,78.639313
17.0600739,1.853112,9.326612,1.498770,9.626320,81.042892,78.762215
17.0698261,1.863886,9.309854,1.501164,9.612540,81.015495,78.678734
17.0798645,1.902193,9.272743,1.459266,9.577660,81.236198,78.407280
17.0900745,1.918953,9.230844,1.436521,9.537004,81.336792,78.256340
17.0998878,1.902193,9.185355,1.435324,9.489429,81.300339,78.300011
17.1099396,1.914164,9.145850,1.496376,9.463073,80.901749,78.179016
17.1199360,1.966837,9.108741,1.532289,9.443809,80.662292,77.815285
17.1299839,2.045845,9.089587,1.605312,9.454264,80.223946,77.315491
17.1401520,2.151190,9.077616,1.666364,9.476682,79.872551,76.668129
17.1498833,2.223016,9.050082,1.715446,9.475682,79.569855,76.199387
17.1599731,2.269703,9.016563,1.744176,9.460028,79.375404,75.870720
17.1699448,2.333150,9.048885,1.720234,9.501848,79.569542,75.541855
17.1813202,2.409764,9.075222,1.678335,9.538524,79.865860,75.129280
17.1899433,2.510320,9.166202,1.628057,9.642175,80.279182,74.684120
17.1999149,2.651578,9.226056,1.502362,9.716381,81.105156,73.965294
17.2101860,2.512715,9.163807,1.466449,9.614550,81.226784,74.666382
17.2235184,2.434903,9.064447,1.425747,9.493457,81.362518,74.964081
17.2409153,2.686294,9.153033,1.691504,9.687899,79.944641,73.643730
17.2504177,2.715025,9.108741,1.534683,9.627865,80.827919,73.402359
17.2600098,2.773683,8.990228,1.444901,9.518679,81.268959,72.853859
17.2699432,2.785654,8.852561,1.420959,9.388654,81.294914,72.532669
17.2801895,2.865860,8.748413,1.491588,9.325916,80.796585,71.861916
17.2901001,2.962825,8.674192,1.485602,9.285848,80.793938,71.141487
17.2999496,3.120842,8.714894,1.650802,9.402882,79.888550,70.297333
17.3099670,3.123236,8.774749,1.841141,9.494242,78.818253,70.407600
17.3199635,2.949656,8.815451,1.634043,9.438365,80.030281,71.499718
17.3299084,2.584541,8.756793,1.505953,9.253603,80.633896,73.556198
17.3400059,2.132037,8.608353,1.532289,8.999846,80.197220,76.089432
17.3499298,1.777695,8.434772,1.515530,8.752280,80.028503,78.098640
17.3598938,1.503559,8.201338,1.459266,8.464755,80.073006,79.611275
17.3698940,1.332373,7.945158,1.420959,8.180457,79.996887,80.480293
17.3832493,1.205481,7.726089,1.497573,7.961681,79.158218,81.131798
17.4000397,1.065420,7.479486,1.599327,7.722414,78.047432,81.893005
17.4099045,1.022324,7.368156,1.689109,7.628103,77.206818,82.100700
17.4199123,0.982820,7.223307,1.753753,7.497849,76.473167,82.251785
17.4299927,0.930147,6.952762,1.793257,7.240293,75.659882,82.380157
17.4398975,0.878672,6.645107,1.825579,6.947104,74.764755,82.467567
17.4498901,0.799663,6.307524,1.636437,6.565230,75.566383,82.774628
17.4598694,0.675165,5.950788,1.690306,6.222931,74.238983,83.527016
17.4698658,0.502782,5.590461,1.824382,5.902069,71.994469,84.860886
17.4798489,0.286107,5.218163,1.939303,5.574224,69.640739,86.861664
17.4899464,0.081403,4.850653,2.005144,5.249386,67.543816,89.038559
17.4999142,-0.064643,4.507085,1.957260,4.914149,66.528633,90.821716
17.5099239,-0.192733,4.213795,1.748964,4.566409,67.479965,92.618805
17.5198650,-0.318429,3.998317,1.437718,4.260865,70.279991,94.553467
17.5299416,-0.495600,3.934870,1.168370,4.134479,73.585037,97.178642
17.5398350,-0.918176,4.110844,0.820014,4.291213,78.983513,102.590622
17.5498734,-1.022324,4.182671,0.906205,4.400124,78.114883,103.734894
17.5599022,-1.042675,4.112041,0.951695,4.347618,77.355545,104.228394
17.5699844,-0.987608,3.946841,0.952892,4.178628,76.818321,104.048508
17.5800686,-0.942118,3.757699,0.913388,3.980222,76.733444,104.074890
17.5899429,-0.949301,3.632004,0.772130,3.832598,78.377426,104.647774
17.5999050,-1.059434,3.694253,0.529119,3.879417,82.160919,106.001778
17.6098442,-1.228225,4.021062,0.231040,4.210802,86.854683,106.985191
17.6199150,-1.391031,4.635174,-0.005986,4.839406,90.070862,106.704674
17.6298866,-1.474828,5.453991,-0.223858,5.654313,92.268967,105.131607
17.6398869,-1.489193,6.423643,-0.507571,6.613510,94.401642,103.052307
17.6499119,-1.382651,7.548918,-0.720655,7.708257,95.364487,100.379189
17.6598454,-1.285686,8.528147,-0.831985,8.664553,95.510124,98.573235
17.6699810,-1.333570,9.155427,-0.791284,9.285816,94.888344,98.287361
17.6798210,-1.491588,9.429564,-1.118092,9.612057,96.679871,98.988686
17.6898899,-1.726219,9.639056,-1.568202,9.917182,99.098358,100.153236
17.7001648,-1.916559,9.894038,-1.938106,10.262624,100.885735,100.962898
17.7098694,-2.019509,10.454282,-2.042254,10.841643,100.857750,100.933456
17.7199001,-1.951274,11.328165,-1.735796,11.625307,98.587051,99.773285
17.7298546,-1.692701,12.230780,-1.320402,12.417756,96.103905,97.879501
17.7402592,-1.241394,12.932281,-0.848745,13.019421,93.737801,95.483131
17.7498798,-0.787692,13.083116,-0.393846,13.112722,91.721161,93.445435
17.7599087,-0.308852,12.672509,-0.350751,12.681124,91.584961,91.396126
17.7698574,0.604536,11.783064,-1.329979,11.873285,96.431450,87.062988
17.7799263,1.329979,10.065224,-1.681927,10.291086,99.406349,82.472771
17.7899227,0.312443,9.873688,0.301669,9.883235,88.250870,88.187538
17.8002586,-0.448913,10.553641,0.624887,10.581652,86.614494,92.435684
17.8103161,-1.310825,11.388021,-0.367510,11.469104,91.836273,96.566170
17.8202457,-1.713051,12.484565,-0.094571,12.601898,90.429977,97.812965
17.8298664,-1.497573,13.005303,1.199495,13.146080,84.764847,96.568733
17.8399277,-0.912191,12.890382,1.549049,13.015129,83.164505,94.047798
17.8499432,-0.154426,12.696451,1.345541,12.768485,83.950951,90.696854
17.8605289,0.448913,12.470200,1.408988,12.557573,83.557724,87.938309
17.8699455,0.790087,12.289437,1.229423,12.376024,84.298889,86.321526
17.8801537,0.901417,12.316971,1.140837,12.402493,84.722214,85.814270
17.8900986,0.638055,12.179304,1.179144,12.252875,84.477646,87.001106
17.8999691,0.069432,12.356475,1.064223,12.402413,85.077530,89.678055
17.9098949,-0.605733,12.794614,0.743400,12.830499,86.678421,92.710518
17.9199543,-1.290475,13.195642,0.377087,13.263955,88.370895,95.585510
17.9307632,-1.801637,13.309367,0.288501,13.433852,88.769440,97.709045
17.9401302,-1.854309,12.996924,-0.105345,13.128961,90.459740,98.119759
17.9502296,-1.568202,12.419921,-0.210690,12.520307,90.964211,97.196373
17.9603157,-0.932542,11.893197,0.274136,11.932850,88.683617,94.483368
17.9703770,0.198719,11.578360,0.775721,11.606018,86.167618,89.016731
17.9798641,1.886631,11.537658,0.271742,11.694048,88.668465,80.713219
17.9904404,3.490746,11.644200,-1.567005,12.256762,97.345268,73.312103
18.0003510,4.259285,11.883620,-3.229778,13.030480,104.351112,70.281487
18.0100155,4.757279,12.557588,-3.019088,13.763706,102.670937,69.251457
18.0199890,4.945224,13.176489,-0.958878,14.106543,93.897629,69.428551
18.0298462,4.744111,13.464991,1.115698,14.319823,85.531395,70.591148
18.0398941,4.358644,13.523648,1.776498,14.319315,82.873352,72.135979
18.0500011,3.928885,13.578715,0.855927,14.161577,86.534927,73.862656
18.0602436,3.298013,13.703214,-0.385466,14.099771,91.566574,76.467735
18.0702496,1.082179,13.861231,0.083797,13.903664,89.654678,85.535835
18.0802536,0.011971,14.231135,0.697910,14.248242,87.192406,89.951805
18.0900898,-0.561440,14.195222,1.130063,14.251196,85.451897,92.264946
18.1001091,-0.489614,13.763068,1.356315,13.838401,84.375351,92.037407
18.1099014,0.180762,12.995727,1.547851,13.088828,83.208458,89.203102
18.1201210,1.201889,12.380417,1.572991,12.537685,82.792618,84.455109
18.1301079,2.316390,12.151771,1.996764,12.530692,80.830841,79.207664
18.1399517,3.501520,12.070368,2.382231,12.791773,79.267059,73.822968
18.1499100,4.501099,12.006922,2.387019,13.043156,79.454903,69.450218
18.1601276,5.090073,11.882423,2.014721,13.082810,81.141342,66.811165
18.1702709,5.187038,11.431116,1.483208,12.640241,83.261375,65.593124
18.1799335,4.838682,10.753557,0.910994,11.827161,85.582382,65.774109
18.1899052,4.254497,10.125079,0.720655,11.006240,86.245766,67.208153
18.2008686,3.661932,9.679757,0.721852,10.374416,86.010139,69.277962
18.2098637,3.144784,9.515755,0.773327,10.051731,85.587608,71.712219
18.2198448,2.821567,9.630676,0.551863,10.050657,86.852409,73.670631
18.2299480,2.701857,9.956287,0.122104,10.317101,89.321884,74.817184
18.2402496,2.723404,10.298658,-0.084994,10.653006,90.457138,75.187614
18.2499142,2.863465,10.564415,0.165200,10.946853,89.135315,74.834465
18.2606468,3.114856,10.669760,1.003170,11.160307,84.842873,73.725723
18.2698917,3.456030,10.608707,1.622072,11.274748,81.728287,71.955788
18.2801552,3.751714,10.560823,1.910573,11.369109,80.325569,70.442505
18.2900486,3.779247,10.815806,2.311602,11.687938,78.593025,70.739616
18.2999058,3.831920,11.087548,1.578976,11.836828,82.334167,70.934555
18.3098698,3.502717,11.061212,0.812831,11.630999,85.992622,72.428741
18.3203201,3.046622,10.983400,0.623690,11.415165,86.867973,74.496826
18.3300591,3.074155,10.990582,0.723049,11.435302,86.374794,74.373260
18.3402367,3.295619,10.963050,1.183933,11.508747,84.095398,73.268623
18.3499279,3.314772,10.990582,1.284489,11.551213,83.615532,73.216629
18.3600903,2.975993,11.326968,0.767342,11.736505,86.251282,75.279091
18.3700466,2.451663,11.933898,0.417788,12.190288,88.035965,78.390854
18.3800716,2.427721,12.313379,-1.154005,12.603367,95.253548,78.846550
18.3899441,1.555034,13.081918,-1.829170,13.300398,97.904793,83.221115
18.3998814,0.235829,13.566744,0.059855,13.568926,89.747253,89.004135
18.4102325,1.049857,12.553997,1.641225,12.704277,82.577393,85.219627
18.4203434,2.795230,11.443087,2.159570,11.975863,79.611198,76.273033
18.4300575,3.139996,11.449073,2.446874,12.121387,78.354004,74.663300
18.4400673,2.067393,12.573151,2.123657,12.917746,80.537712,80.662453
18.4499874,0.477643,13.654132,1.165976,13.712147,85.122116,87.996521
18.4602299,-0.957681,14.121001,0.653617,14.168523,87.355911,93.879837
18.4700413,-1.765724,14.014460,0.466869,14.132970,88.106941,97.181030
18.4803162,-1.993173,13.770251,0.174777,13.914852,89.280319,98.236069
18.4898701,-1.685518,13.731944,0.138864,13.835698,89.424934,96.997726
18.4999104,-0.970849,13.913903,0.489614,13.956324,87.989540,93.991371
18.5098991,-0.007183,13.839683,0.828394,13.864454,86.574570,90.029739
18.5201473,0.553061,13.498509,1.097741,13.554359,85.354637,87.653793
18.5299263,0.307655,12.598289,1.039083,12.644812,85.286423,88.601097
18.5398941,-0.253785,11.219229,0.318429,11.226616,88.374657,91.295845
18.5499210,-0.082600,9.785102,-1.100136,9.847098,96.414581,90.483643
18.5599480,-0.438139,8.991425,-0.638055,9.024677,94.054260,92.789734
18.5700188,-0.954089,8.916007,0.209493,8.969357,88.661652,96.107895
18.5798454,-2.196680,9.320627,1.576582,9.704901,80.650742,103.261436
18.5898590,-3.913323,10.479421,2.895787,11.554996,75.486443,110.477104
18.6004200,-5.443218,12.084733,2.013524,13.406105,81.361801,114.247803
18.6102962,-0.982820,13.739126,-2.956839,14.088024,102.115509,94.091652
18.6200333,4.474763,15.600618,-8.676587,18.403423,118.129494,73.995392
18.6299019,9.131485,16.864758,-10.873267,22.046133,119.551468,61.566509
18.6399403,12.956223,18.294096,-6.335058,23.295292,105.780090,54.693157
18.6500854,16.705542,19.450495,3.302801,25.851603,82.659828,49.341545
18.6601257,19.571402,20.550631,6.343437,29.079329,77.400047,46.398098
18.6703091,18.331205,19.163191,4.859032,26.960548,79.616989,46.271164
18.6799774,13.302185,15.650896,1.940500,20.631632,84.603088,49.637753
18.6898823,7.939173,12.935872,-3.482366,15.572223,102.922142,58.461182
18.7001019,2.947262,11.252748,-7.019799,13.586326,121.109894,75.323067
18.7098904,-0.524330,10.249578,-7.952341,12.983393,127.770561,92.928482
18.7204876,-1.875857,9.700109,-6.719327,11.948235,124.219849,100.945045
18.7298584,-0.857124,9.558850,-3.606865,10.252598,110.597458,95.123901
18.7398357,1.844732,9.668983,-1.410185,9.943888,98.152840,79.198425
18.7504005,4.657919,9.859323,0.088585,10.904600,89.534546,64.712166
18.7598495,6.309918,9.983821,1.162385,11.867725,84.379150,57.706524
18.7700138,6.330269,9.895236,1.379060,11.827502,83.304207,57.391773
18.7800045,5.477933,9.600749,0.614113,11.070649,86.820045,60.292065
18.7901134,5.003881,9.384073,-0.646434,10.654461,93.478424,61.932064
18.8002510,5.245696,9.340978,-1.746570,10.854570,99.259514,60.682354
18.8101254,5.983110,9.427169,-2.287660,11.397478,101.578850,57.598064
18.8200188,6.664260,9.576807,-2.202666,11.873471,100.690956,55.166908
18.8298836,6.854599,9.728839,-1.903390,12.052333,99.086601,54.832817
18.8404446,6.534974,9.829395,-1.703475,11.925800,98.212189,56.382458
18.8498688,5.796362,9.898827,-1.486799,11.566986,97.385124,59.648445
18.8602180,4.795586,9.907207,-1.430536,11.099406,97.405106,64.170685
18.8699055,3.702633,9.777920,-1.414973,10.550798,97.707191,69.259682
18.8800850,2.732981,9.448717,-1.185130,9.907167,96.870377,73.867821
18.8898869,2.141613,8.931569,-0.973243,9.236159,96.048668,76.516174
18.8998814,1.806425,8.346188,-0.895431,8.586257,95.986069,77.787437
18.9100456,1.590947,7.829040,-0.800860,8.029095,95.724472,78.513275
18.9200706,1.418565,7.465121,-0.690727,7.630036,95.193947,79.240616
18.9313622,1.233014,7.283162,-0.766145,7.426422,95.921440,80.391136
18.9400082,1.046266,7.240066,-0.802058,7.359112,96.257004,81.777077
18.9499855,0.981623,7.277176,-0.957681,7.405270,97.430542,82.317711
18.9600811,1.010353,7.289147,-1.175553,7.452141,99.076149,82.108482
18.9698906,1.033098,7.201759,-1.313220,7.393048,100.231682,81.836571
18.9802837,1.059434,6.981492,-1.338359,7.187130,100.732040,81.371254
18.9899158,1.116895,6.665458,-1.244985,6.872101,100.437630,80.487625
19.0000381,1.145625,6.291962,-1.106121,6.490358,99.812546,79.680763
19.0103321,1.049857,5.961562,-1.018733,6.138423,99.553009,80.012367
19.0200043,0.867898,5.651513,-0.992397,5.803249,99.846375,81.269341
19.0301571,0.808043,5.408502,-1.031901,5.565038,100.685951,81.502724
19.0403061,0.987608,5.261258,-1.054646,5.456050,101.145340,79.368538
19.0502071,1.321599,5.222951,-1.061828,5.491204,101.149460,75.800110
19.0599270,1.672350,5.238513,-0.939724,5.578697,99.697632,72.294769
19.0699100,1.946486,5.263652,-0.755371,5.662634,97.665855,69.705727
19.0802269,2.075773,5.197812,-0.482432,5.617724,94.926437,68.230453
19.0899200,2.196680,5.015852,-0.441730,5.493569,94.612053,66.349106
19.0998650,2.270900,4.807557,-0.402226,5.332108,94.326195,64.715797
19.1099720,2.305616,4.638766,-0.227449,5.185147,92.514114,63.571144
19.1199322,2.449268,4.532224,0.035913,5.151821,89.600594,61.612679
19.1298714,2.782062,4.569334,0.533907,5.376220,84.300621,58.664642
19.1399403,3.330335,4.685453,1.270124,5.887089,77.540619,54.595478
19.1498775,4.023456,4.872200,1.638831,6.527810,75.460129,50.450153
19.1603642,5.007473,5.133168,2.778471,7.690520,68.820854,45.710155
19.1701374,5.219360,5.057751,3.039439,7.877865,67.305336,44.099091
19.1799622,5.272032,4.922479,3.051410,7.831745,67.069099,43.036190
19.1900673,5.175067,4.746505,2.947262,7.615575,67.231758,42.526649
19.2000828,5.070919,4.577713,2.697068,7.344648,68.456009,42.073780
19.2098713,5.069722,4.467580,2.359486,7.157411,70.752083,41.387402
19.2202358,5.153519,4.444836,2.084153,7.117515,72.973122,40.777294
19.2299690,5.368997,4.450821,1.941698,7.239208,74.441650,39.658241
19.2411652,5.615600,4.462792,1.727417,7.378038,76.459686,38.474632
19.2501431,5.808333,4.513070,1.715446,7.552966,76.872299,37.847176
19.2601910,5.823895,4.508282,1.736993,7.567001,76.729515,37.743481
19.2698345,5.724536,4.414908,1.608904,7.406098,77.453003,37.640324
19.2800083,5.540183,4.317943,1.604115,7.204959,77.135834,37.932365
19.2903271,5.321113,4.237737,1.762132,7.026932,75.477013,38.533833
19.3003311,5.165490,4.175488,1.832761,6.890283,74.574081,38.950100
19.3100357,5.234922,4.203021,1.932121,6.985906,73.944160,38.760330
19.3199654,5.494693,4.301183,1.868674,7.223834,75.008141,38.053436
19.3299465,5.764040,4.458004,1.780089,7.501112,76.272171,37.718956
19.3399868,6.035782,4.617218,1.641225,7.774509,77.812981,37.415058
19.3498478,6.263232,4.754885,1.583764,8.021553,78.612785,37.204834
19.3598938,6.417658,4.853047,1.638831,8.211222,78.487350,37.096649
19.3701611,6.453571,4.904522,1.826776,8.309032,77.299530,37.233757
19.3809319,6.317101,4.874595,2.165555,8.267834,74.815666,37.655594
19.3899403,6.114791,4.740520,2.468422,8.121348,72.305450,37.784794
19.3999100,6.033388,4.554969,2.603694,7.995545,70.995453,37.051357
19.4103088,6.089652,4.443638,2.823961,8.050127,69.463921,36.118347
19.4201450,6.308722,4.394557,3.034651,8.265664,68.460701,34.860466
19.4308243,6.615179,4.396951,3.222595,8.571983,67.917259,33.611034
19.4398899,6.915652,4.425682,3.456030,8.908257,67.172501,32.617271
19.4498901,7.202956,4.447230,3.593697,9.196471,66.997635,31.691900
19.4600334,7.455544,4.516662,3.652355,9.451194,67.266602,31.208004
19.4702492,7.608773,4.648343,3.701436,9.654075,67.455147,31.421543
19.4799118,7.615956,4.796783,3.774459,9.760044,67.249092,32.204090
19.4901543,7.550115,4.930859,3.810372,9.789614,67.093651,33.147907
19.5003204,7.498640,4.983531,3.779247,9.764625,67.229897,33.607670
19.5099449,7.493851,4.995502,3.719392,9.744061,67.560440,33.687958
19.5200062,7.556100,4.967968,3.738546,9.785299,67.538818,33.324036
19.5299377,7.643489,4.940435,3.804387,9.864288,67.314491,32.876957
19.5399361,7.732074,4.920084,3.843891,9.938194,67.245735,32.469471
19.5500183,7.772776,4.933253,3.864242,9.984257,67.229965,32.402626
19.5598755,7.800309,4.989516,3.936068,10.061447,66.970627,32.605267
19.5700684,7.842207,5.080496,3.937265,10.139709,67.151146,32.936783
19.5799408,7.863756,5.203797,3.927688,10.214935,67.387024,33.494381
19.5899162,7.890092,5.316325,3.942053,10.298381,67.493774,33.971992
19.6000557,7.908048,5.409699,3.945644,10.361958,67.617889,34.375061
19.6099644,7.906851,5.456386,3.930082,10.379595,67.750816,34.608906
19.6203442,7.912837,5.509058,3.909731,10.404263,67.927368,34.846325
19.6308937,7.858967,5.538986,3.848679,10.356450,68.184349,35.176109
19.6401024,7.754819,5.556942,3.799598,10.269069,68.284126,35.624596
19.6500473,7.656657,5.590461,3.749320,10.194854,68.422096,36.134819
19.6603603,7.557298,5.635951,3.675100,10.118450,68.702675,36.714203
19.6701012,7.462727,5.662287,3.642778,10.051050,68.750641,37.189133
19.6800632,7.399281,5.692214,3.628413,10.015790,68.760376,37.570831
19.6899204,7.382521,5.711368,3.605668,10.006107,68.878510,37.726749
19.7001667,7.405266,5.742493,3.515885,10.008778,69.434364,37.792171
19.7099667,7.483078,5.760449,3.435679,10.049036,70.007851,37.588963
19.7198505,7.557298,5.815516,3.410540,10.127425,70.320229,37.579117
19.7300739,7.566875,5.847837,3.405752,10.151548,70.397606,37.697594
19.7405014,7.517793,5.833472,3.387795,10.100682,70.402977,37.809868
19.7502518,7.457938,5.807136,3.363853,10.032905,70.410309,37.906166
19.7600613,7.358579,5.744887,3.355474,9.920262,70.230049,37.979370
19.7699509,7.267599,5.697003,3.409343,9.843651,69.735802,38.092567
19.7800713,7.238869,5.677849,3.416526,9.813859,69.626854,38.109074
19.7900372,7.273585,5.655105,3.386598,9.816022,69.817764,37.864536
19.8004246,7.319075,5.679047,3.348291,9.850456,70.128471,37.808750
19.8102779,7.340622,5.741296,3.360262,9.906491,70.171982,38.029907
19.8203163,7.328651,5.785588,3.329138,9.912887,70.376411,38.289249
19.8299103,7.319075,5.831078,3.287239,9.918481,70.644669,38.544193
19.8403893,7.354988,5.857414,3.233369,9.942828,71.022545,38.533352
19.8502941,7.399281,5.890934,3.207033,9.986867,71.269020,38.525032
19.8602848,7.453150,5.898116,3.256114,10.046865,71.089394,38.356640
19.8699741,7.487866,5.850232,3.253720,10.043906,71.098045,38.000332
19.8802032,7.554904,5.815516,3.450045,10.139013,70.106422,37.587894
19.8901081,7.553706,5.700594,3.768473,10.186101,68.286705,37.040947
19.8999271,7.242460,5.492299,3.520674,9.747498,68.826859,37.174755
19.9100246,7.031770,5.461174,3.108871,9.430552,70.751892,37.834446
19.9200478,7.064092,5.652710,2.844312,9.483915,72.547859,38.666912
19.9301147,7.509414,6.421249,3.604471,10.517411,69.957649,40.533527
19.9404869,8.054094,6.679823,2.650381,10.794119,75.786285,39.671288
19.9499321,7.435194,6.069301,2.416947,9.897482,75.865547,39.224545
19.9599838,6.484695,5.615600,2.881422,9.049245,71.432861,40.891827
19.9699554,6.481104,5.596447,2.989161,9.069730,70.756989,40.810677
19.9805756,6.397307,5.203797,3.221398,8.853386,68.662521,39.126133
19.9909496,6.570887,4.827908,3.224990,8.768455,68.420334,36.306293
20.0002575,7.559692,5.583278,3.688268,10.095804,68.572304,36.448051
20.0105038,8.203732,6.220136,3.736152,10.952175,70.054062,37.169701
20.0204639,8.237251,6.452374,3.450045,11.017633,71.751526,38.072178
20.0300922,7.861362,6.373365,3.148375,10.598729,72.719368,39.032383
20.0410080,7.369353,6.150704,2.920926,10.033461,73.075066,39.849487
20.0501671,7.064092,5.999869,2.785654,9.677794,73.271332,40.342827
20.0608749,7.000646,5.986701,2.813187,9.631389,73.017159,40.535877
20.0702934,7.094019,6.090849,2.950854,9.804646,72.484436,40.649036
20.0802612,7.232883,6.137536,3.090914,9.976858,71.952316,40.316605
20.0899963,7.258022,6.033388,3.186682,9.961707,71.343536,39.735786
20.1000214,7.153875,5.876568,3.173514,9.786888,71.079140,39.401478
20.1100960,7.054515,5.779603,3.058593,9.618991,71.459534,39.326977
20.1201534,7.030573,5.597643,3.081338,9.500380,71.074501,38.526310
20.1305332,7.098808,5.544971,3.111265,9.529940,70.945175,37.993858
20.1402473,7.311892,5.744887,3.063381,9.790393,71.766121,38.156399
20.1501522,7.560889,6.180632,2.910152,10.190006,73.405952,39.264206
20.1608486,7.583634,6.519411,2.718616,10.363643,74.792091,40.684612
20.1708431,7.467515,6.692991,2.543839,10.345580,75.765770,41.869267
20.1802349,7.262811,6.603208,2.511518,10.132052,75.647995,42.276508
20.1902313,7.174225,6.397307,2.645593,9.969665,74.611397,41.723610
20.2002773,7.208941,6.233304,2.902970,9.962437,73.058716,40.848755
20.2102089,7.382521,6.258443,3.118448,10.168306,72.140549,40.289211
20.2203541,7.352593,6.028600,3.205836,10.034043,71.367554,39.349297
20.2301140,7.319075,5.833472,3.205836,9.893211,71.092331,38.555656
20.2401199,7.473501,5.947197,3.142390,10.054699,71.788269,38.511765
20.2504959,7.520187,6.147113,3.167529,10.216332,71.938019,39.263077
20.2600269,7.517793,6.294356,3.138798,10.295057,72.248817,39.938129
20.2699947,7.352593,6.302736,3.021482,10.144677,72.672134,40.603600
20.2802620,7.143101,6.169858,2.986767,9.900091,72.440811,40.818832
20.2915630,7.097611,6.017826,3.032256,9.786976,71.951279,40.293491
20.3002205,7.225701,5.943606,3.070564,9.847109,71.830818,39.439503
20.3100891,7.417237,5.968745,3.128025,10.021270,71.811844,38.824074
20.3208694,7.553706,6.057330,3.105280,10.168210,72.218315,38.726189
20.3302727,7.571663,6.115988,3.028665,10.193538,72.715523,38.929440
20.3400764,7.489063,6.144719,2.899378,10.111876,73.337715,39.368614
20.3503418,7.362170,6.120777,2.828749,9.983350,73.539948,39.739529
20.3602161,7.256825,6.096835,2.810793,9.886024,73.481804,40.035358
20.3703251,7.201759,6.072893,2.857480,9.844316,73.126060,40.139305
20.3806152,7.180211,6.087258,2.869451,9.840929,73.047226,40.290695
20.3913593,7.229292,6.112397,2.816778,9.877160,73.430336,40.214661
20.4003887,7.292738,6.142324,2.817975,9.942493,73.535126,40.105831
20.4107761,7.297527,6.155493,2.838326,9.959924,73.442665,40.147762
20.4203682,7.304709,6.132748,2.949656,9.983479,72.815247,40.015503
20.4301186,7.357382,6.138733,3.008314,10.043160,72.570107,39.840397
20.4410725,7.375339,6.161478,3.020285,10.073805,72.553467,39.875935
20.4508858,7.366959,6.141128,3.027468,10.057390,72.481171,39.814728
20.4608650,7.339425,6.101623,2.979584,9.998745,72.662735,39.738403
20.4704094,7.302315,6.038177,2.961627,9.927468,72.642883,39.586842
20.4803772,7.258022,6.045359,3.015497,9.915567,72.294922,39.791626
20.4905434,7.256825,6.072893,3.089717,9.954290,71.917236,39.924362
20.5000458,7.273585,6.106411,3.162740,10.009807,71.580971,40.014553
20.5100441,7.280767,6.051345,3.238158,10.005699,71.117325,39.731361
20.5200920,7.299921,5.922058,3.421314,10.003250,69.999992,39.050678
20.5301514,7.246051,5.779603,3.421314,9.880003,69.739632,38.576599
20.5408840,7.173028,5.761646,3.210624,9.744589,70.762924,38.772739
20.5512066,7.183802,5.890934,3.005920,9.764510,72.070808,39.352783
20.5601330,7.258022,6.076484,2.797625,9.870625,73.535019,39.936382
20.5702248,7.308300,6.202179,2.693477,9.956561,74.304619,40.319557
20.5801334,7.316680,6.266823,2.756923,10.020354,74.030098,40.580444
20.5901871,7.314286,6.259640,2.955642,10.070635,72.932922,40.557247
20.6004295,7.258022,6.180632,3.149572,10.039865,71.717247,40.416340
20.6112766,7.193379,6.105214,3.269282,9.985316,70.888412,40.322163
20.6206436,7.183802,6.029797,3.270479,9.932850,70.776199,40.008759
20.6302223,7.179014,5.971139,3.259706,9.890319,70.756378,39.751965
20.6401997,7.208941,5.963956,3.256114,9.906558,70.811157,39.600952
20.6506653,7.219715,5.975927,3.263297,9.923966,70.802231,39.615356
20.6605701,7.402872,5.787982,4.750096,10.529325,63.183781,38.020302
20.6705799,8.239645,5.680243,4.520253,10.981330,65.692688,34.581589
