Keuwl Accelerometer Data File
2019-06-26 17-45-19

Time (s), X (m/s2), Y (m/s2), Z (m/s2), R (m/s2), Theta (deg), Phi (deg)
0.0000000,4.927267,8.297106,-1.447295,9.757796,98.529694,59.295887
0.0100690,4.859032,8.064868,-0.981623,9.466566,95.951904,58.931301
0.0200590,5.304354,8.016984,-0.294487,9.617428,91.754677,56.509800
0.0301320,5.923255,8.039729,0.499191,9.998569,87.138245,53.619141
0.0401650,6.259640,7.984663,1.295263,10.228178,82.724716,51.905045
0.0502630,6.488286,7.987057,1.844732,10.454376,79.836632,50.911312
0.0603420,6.558916,7.963115,2.018312,10.512095,78.930534,50.523010
0.0702220,6.561310,7.936779,1.984793,10.487262,79.090546,50.419567
0.0801580,6.578069,7.571663,1.884237,10.205461,79.360428,49.016716
0.0902670,6.862979,8.434772,1.314417,10.953244,83.107750,50.866367
0.0999870,6.424840,9.130288,-0.187945,11.165843,90.964455,54.866550
0.1102180,5.760449,8.653842,-0.669179,10.417273,93.683075,56.350189
0.1200110,5.738902,8.171411,0.131681,9.986204,89.244461,54.919067
0.1303430,5.808333,8.064868,-0.096965,9.939227,90.558975,54.238495
0.1401100,5.440824,8.078036,-0.204704,9.741618,91.204063,56.038437
0.1501590,5.118803,8.007407,-0.429759,9.513433,92.589157,57.410908
0.1600470,5.027823,7.926005,-0.544681,9.401980,93.321152,57.611195
0.1705520,5.105635,7.931990,-0.494403,9.446079,93.000198,57.231571
0.1803160,5.239710,7.939173,-0.335188,9.518266,92.018105,56.575912
0.1905140,5.317522,7.936779,-0.178368,9.555120,91.069618,56.178509
0.2002620,5.345055,7.959524,-0.107739,9.588286,90.643822,56.117474
0.2103370,5.354632,7.978677,-0.075417,9.609218,90.449684,56.133736
0.2201970,5.404911,8.000225,-0.014365,9.654888,90.085251,55.957245
0.2302620,5.503073,8.031349,0.046687,9.735942,89.725250,55.581097
0.2402160,5.596447,8.032547,0.147243,9.791001,89.138313,55.134251
0.2502570,5.679047,8.021772,0.252588,9.831796,88.527855,54.703259
0.2601010,5.758055,8.013393,0.332794,9.873218,88.068382,54.300716
0.2706330,5.847837,8.005013,0.411803,9.922048,87.621323,53.851055
0.2803880,5.869385,7.999028,0.411803,9.929940,87.623215,53.730183
0.2906270,5.857414,7.990648,0.363919,9.914242,87.896393,53.757328
0.3002440,5.831078,7.995437,0.300472,9.900443,88.260841,53.896698
0.3108480,5.787982,7.996634,0.215478,9.873871,88.749535,54.102890
0.3201510,5.777209,7.993042,0.148441,9.863412,89.137688,54.141361
0.3303760,5.777209,7.981071,0.105345,9.853159,89.387413,54.100582
0.3401490,5.783194,7.964312,0.093374,9.842983,89.456467,54.015152
0.3504860,5.771223,7.930793,0.083797,9.808747,89.510513,53.956692
0.3601430,5.737704,7.866150,0.076614,9.736705,89.549156,53.892349
0.3705100,5.730522,7.814674,0.015562,9.690627,89.907990,53.747303
0.3805560,5.708974,7.729680,-0.043096,9.609485,90.256958,53.551231
0.3905370,5.698200,7.631518,-0.025139,9.524189,90.151230,53.252525
0.4007520,5.803545,7.637504,-0.037110,9.592392,90.221664,52.769722
0.4110890,5.884948,7.444770,-0.250194,9.493146,91.510216,51.674309
0.4202580,5.928043,7.042544,-0.441730,9.215978,92.747292,49.911091
0.4302470,6.119579,6.787562,-0.441730,9.149611,92.767235,47.962582
0.4401360,6.354211,6.627151,-0.339977,9.187531,92.120667,46.204494
0.4507650,6.794744,6.561310,-0.263362,9.449269,91.597107,43.998699
0.4601500,7.285556,6.291962,-0.407014,9.635028,92.421074,40.814594
0.4739250,7.343017,6.136339,-0.266953,9.573182,91.597931,39.884495
0.4901770,7.469909,5.662287,-0.769736,9.404974,94.694534,37.162594
0.5001630,7.328651,5.323507,-1.116895,9.126681,97.029305,35.994526
0.5105619,7.542933,5.276821,-1.340753,9.302595,98.286713,34.975540
0.5202720,7.948750,5.601235,-1.408988,9.825563,98.244652,35.171154
0.5302910,8.311471,6.062119,-1.517924,10.398746,98.393555,36.105804
0.5400240,8.489840,6.107608,-2.026692,10.653062,100.967079,35.731319
0.5501410,8.418014,5.790377,-2.404976,10.496444,103.245438,34.522350
0.5601050,7.935582,5.505467,-2.371457,9.945222,103.795189,34.751747
0.5702050,7.692570,5.560534,-2.202666,9.744070,103.064743,35.861084
0.5802150,8.088810,6.010643,-2.278083,10.331812,102.737938,36.615353
0.5904090,8.950723,6.448782,-2.561796,11.325416,103.073380,35.771851
0.6006709,9.406818,6.376956,-3.026271,11.760617,104.911247,34.133656
0.6103800,9.330204,5.866991,-3.272874,11.497216,106.538925,32.162380
0.6203160,8.906430,5.098453,-3.299210,10.779773,107.821686,29.788816
0.6302620,8.525752,4.328717,-3.293224,10.112941,109.004631,26.917933
0.6401880,8.657434,3.803190,-3.287239,10.011061,109.169304,23.715767
0.6521810,9.334992,3.991134,-3.227384,10.653039,107.635132,23.148912
0.6607320,10.386047,4.807557,-3.302801,11.911804,106.097412,24.838764
0.6713269,10.984597,5.522226,-3.882198,12.892937,107.524315,26.689798
0.6801710,10.651803,5.431247,-4.643554,12.826611,111.224617,27.016575
0.6902350,9.755175,4.746505,-5.013458,11.951046,114.802994,25.945829
0.7003050,9.297882,4.072537,-5.243302,11.424902,117.318489,23.653751
0.7103840,9.654618,3.560178,-5.392939,11.617672,117.658546,20.241648
0.7202190,10.781090,3.825934,-5.210980,12.570759,114.489838,19.538479
0.7303240,12.100295,4.223372,-5.634754,14.000159,113.733170,19.240545
0.7402490,13.401544,4.441244,-6.639122,15.601409,115.185249,18.335091
0.7521030,14.371196,2.551022,-6.622362,16.027933,114.404518,10.065690
0.7603870,14.635755,1.168370,-5.920861,15.831203,111.962486,4.564236
0.7708660,15.267824,0.554258,-5.786786,16.337091,110.745125,2.079058
0.7803690,16.189592,0.549469,-6.751649,17.549631,112.626198,1.943853
0.7902210,17.053898,1.199495,-8.625112,19.148544,116.771385,4.023304
0.8004020,17.905037,2.152387,-10.504560,20.870287,120.220299,6.854707
0.8105310,17.973272,2.208651,-10.156203,20.762108,119.286049,7.005687
0.8204510,17.804482,0.972046,-9.588778,20.245718,118.269539,3.124994
0.8303220,18.213890,-0.229843,-9.167398,20.392151,116.715149,359.277008
0.8401740,18.662802,-0.814029,-9.288305,20.862297,116.437393,357.502472
0.8502360,19.624075,-0.454898,-10.292673,22.164169,117.670326,358.672089
0.8606020,20.728998,0.472855,-9.782708,22.926325,115.258438,1.306763
0.8702380,21.006725,0.961272,-9.196129,22.951586,113.620392,2.620039
0.8801690,20.944477,0.920571,-10.688913,23.532349,117.014893,2.516696
0.8901120,20.854694,0.702698,-10.429143,23.327646,116.556000,1.929849
0.9000819,21.413740,0.772130,-9.136273,23.294119,113.092316,2.065059
0.9106250,23.038206,1.877054,-8.918402,24.775394,111.098358,4.657925
0.9203730,24.281994,4.104859,-9.464279,26.382526,111.022400,9.595107
0.9301870,22.449232,7.611167,-7.796718,24.953691,108.206787,18.728668
0.9400490,18.041508,11.043256,-4.209007,21.567690,101.253685,31.470913
0.9524440,12.855666,13.628993,-1.830367,18.824661,95.579819,46.672508
0.9702640,-1.102530,17.987637,-7.751228,19.617651,113.273148,93.507484
0.9806190,-10.528502,15.783774,-12.460623,22.698988,123.295052,123.705109
0.9902120,-17.742231,9.326612,-19.616892,28.046299,134.382629,152.270309
1.0002760,-15.776592,3.673903,-20.576967,26.187975,141.789276,166.891129
1.0102980,-7.356185,0.318429,-12.427104,14.444645,149.353210,177.521378
1.0201429,-0.521936,2.711433,2.954445,4.043889,43.063698,100.895851
1.0302449,-2.466028,8.526949,13.201628,15.908272,33.915710,106.130081
1.0400270,-10.569203,8.116343,21.623232,25.399748,31.644817,142.478485
1.0500660,-12.033257,0.877475,13.716381,18.267687,41.335518,175.829330
1.0601720,-1.461660,-4.479551,4.988319,6.861936,43.368267,251.928696
1.0707239,7.566875,-7.425617,3.728969,11.238442,70.621643,315.539825
1.0800281,11.550826,-7.989451,3.681085,14.519067,75.313232,325.329254
1.0901890,12.731168,-5.486313,2.595315,14.103827,79.396294,336.687073
1.1000999,11.001357,-1.963245,1.261744,11.246163,83.558235,349.881805
1.1101120,6.672640,-0.496797,0.773327,6.735649,83.407272,355.742035
1.1201780,2.663549,-1.945289,0.816423,3.397821,76.097031,323.857971
1.1302609,0.186748,-4.802769,1.009156,4.911197,78.142365,272.226715
1.1401141,-0.530316,-6.795941,2.260126,7.181520,71.656441,265.538025
1.1502010,0.632069,-6.712144,3.840300,7.758885,60.333210,275.379578
1.1601540,2.995146,-5.268441,4.118027,7.327040,55.803600,299.618530
1.1704730,5.064934,-4.228160,3.666720,7.548227,60.936913,320.145172
1.1801929,6.013038,-4.320337,3.764882,8.306399,63.047558,324.302948
1.1905149,6.011840,-5.227739,3.626019,8.753256,65.528030,318.990631
1.2005500,5.341464,-6.240487,3.414132,8.895573,67.430664,310.561432
1.2101600,4.430470,-6.763620,3.010709,8.627862,69.576782,303.226563
1.2200220,3.926491,-6.827066,2.894590,8.390758,69.819817,299.904755
1.2301419,4.528633,-6.579266,0.584185,8.008529,85.816818,304.540375
1.2401400,6.014235,-5.523423,1.341950,8.275268,80.667480,317.435883
1.2502741,6.568492,-5.698200,1.939303,8.909291,77.427666,319.058197
1.2600369,6.848614,-6.215348,2.086547,9.480914,77.286346,317.775208
1.2700540,6.708553,-6.702568,2.451663,9.794884,75.504715,315.025574
1.2800260,6.670246,-6.980295,2.658761,10.014276,74.603508,313.698853
1.2901649,7.115568,-6.901287,1.802834,10.075181,79.692085,315.875824
1.3000981,7.371747,-6.398504,1.277307,9.844543,82.544991,319.042786
1.3102640,7.417237,-5.864597,1.370680,9.554458,81.751900,321.667603
1.3200710,7.454347,-5.610812,1.328782,9.424127,81.894409,323.031586
1.3302490,7.436390,-5.729325,1.183933,9.461858,82.811920,322.387756
1.3402179,7.170634,-5.990293,1.206678,9.421129,82.641220,320.124878
1.3503019,6.760028,-6.046556,1.236605,9.153580,82.235870,318.188721
1.3603420,6.793547,-5.912481,0.712275,9.034216,85.477997,318.966675
1.3702749,7.212533,-5.754464,0.264559,9.230627,88.357620,321.415649
1.3800280,7.641095,-5.562928,0.375890,9.459059,87.722549,323.944336
1.3905610,7.945158,-5.351041,0.757765,9.609027,85.476974,326.039856
1.4002150,8.133103,-5.177461,0.995988,9.692547,84.101982,327.519531
1.4101180,8.052897,-4.869806,1.031901,9.467258,83.742508,328.837494
1.4201800,7.720103,-4.350265,0.944513,8.911616,83.915985,330.598816
1.4301970,7.322666,-3.895366,0.810437,8.333794,84.419334,331.988800
1.4401380,7.010222,-3.750517,0.729034,7.983801,84.760780,331.852905
1.4503800,6.949171,-3.945644,0.681150,8.020165,85.128014,330.412689
1.4601899,7.181408,-4.238934,0.812831,8.378656,84.432861,329.448120
1.4701780,7.497443,-4.407725,1.090559,8.765216,82.852798,329.548859
1.4802480,7.746439,-4.234146,1.519121,8.957849,80.236282,331.339325
1.4901680,7.711724,-3.779247,1.601721,8.736070,79.435303,333.892120
1.5002509,7.281964,-3.154361,1.411382,8.060334,79.915398,336.578979
1.5105319,6.819883,-2.616863,0.763750,7.344528,84.031075,339.007660
1.5200679,6.585252,-2.290054,0.061052,6.972346,89.498291,340.824615
1.5300850,6.587646,-2.269703,-0.526724,6.987566,94.323067,340.989166
1.5405899,6.713342,-2.318784,-0.730232,7.139955,95.870132,340.945129
1.5505660,6.854599,-2.236184,-0.515950,7.228572,94.093056,341.932068
1.5604140,6.994660,-1.917756,-0.181959,7.255079,91.437141,344.667755
1.5702420,7.048530,-1.477222,-0.106542,7.202452,90.847580,348.163330
1.5802269,7.042544,-1.090559,-0.202310,7.129354,91.626106,351.197479
1.5903989,7.127539,-0.912191,-0.616507,7.212072,94.903778,352.706879
1.6004280,7.258022,-0.769736,-0.988805,7.365400,97.715256,353.946228
1.6102289,7.371747,-0.671574,-1.004368,7.470102,97.726913,354.794678
1.6202279,7.439982,-0.496797,-0.764947,7.495684,95.857330,356.179810
1.6303300,7.507020,-0.114922,-0.574608,7.529855,94.376534,359.122955
1.6401309,7.530962,0.474052,-0.393846,7.556138,92.987762,3.601849
1.6504139,7.688979,1.067814,-0.451307,7.775879,93.327278,7.906434
1.6606090,8.209718,1.569399,-0.721852,8.389490,94.935966,10.822300
1.6711320,9.027337,1.598130,-1.101333,9.233622,96.850220,10.039185
1.6805530,9.837775,1.250970,-1.058237,9.973295,96.090958,7.246832
1.6902300,10.613496,0.799663,-0.951695,10.686041,95.109512,4.308753
1.7005429,11.674128,1.175553,-0.424971,11.740859,92.074326,5.750147
1.7102020,11.614272,1.175553,-0.269348,11.676721,91.321762,5.779581
1.7202129,11.540052,3.092112,-1.139640,12.001365,95.448975,14.999833
1.7302279,11.504139,3.683479,-2.485181,12.332452,101.625603,17.754406
1.7403079,11.528081,3.816358,-3.433285,12.619377,105.787155,18.317064
1.7504290,11.684901,3.713407,-3.605668,12.779950,106.387657,17.630013
1.7602839,11.899182,3.636792,-2.902970,12.776699,103.132759,16.994925
1.7705840,12.196063,3.891775,-1.848324,12.934689,98.215500,17.697931
1.7803190,12.372037,4.431667,-1.003170,13.180035,94.365166,19.707541
1.7902889,12.368446,5.109226,-0.610521,13.396096,92.612137,22.444811
1.8000870,12.366052,5.426458,-1.558625,13.593932,96.583778,23.692778
1.8112379,12.263102,4.999093,-3.032256,13.585624,102.896820,22.178425
1.8201900,11.914744,4.426879,-4.321534,13.425128,108.777802,20.382360
1.8302100,11.224017,4.220978,-4.747702,12.897127,111.599777,20.609604
1.8401649,10.377667,4.498705,-4.532224,12.185047,111.835907,23.436666
1.8503729,9.496601,5.143942,-3.762488,11.436866,109.206810,28.442694
1.8602279,8.872911,5.997475,-3.001132,11.122278,105.654190,34.055977
1.8702400,8.852561,6.616376,-3.123236,11.484724,105.780159,36.774323
1.8802229,9.380483,6.205771,-3.761291,11.859694,108.490601,33.487106
1.8905979,10.242394,5.366603,-4.088099,12.264568,109.470779,27.652733
1.9002279,10.960655,5.038598,-3.727772,12.626152,107.172058,24.688175
1.9103549,11.050438,5.341464,-2.852691,12.600843,103.084564,25.797789
1.9202050,10.650606,6.011840,-1.994370,12.391737,99.261665,29.442986
1.9304069,10.141838,6.895301,-1.399411,12.343435,96.509781,34.211262
1.9401640,9.822212,7.812280,-1.193510,12.606825,95.432426,38.497643
1.9503700,9.915586,8.396465,-1.614889,13.093027,97.084885,40.257748
1.9607940,10.208876,8.419210,-2.252944,13.423115,99.662292,39.512238
1.9713259,10.500969,8.396465,-2.499547,13.675478,100.531487,38.645466
1.9801660,10.799047,8.718486,-2.418144,14.088251,99.883339,38.915272
1.9901730,10.910378,9.036914,-2.197877,14.336415,98.818642,39.634480
2.0000718,10.838552,9.141062,-1.881842,14.302956,97.560333,40.143749
2.0105610,10.588357,8.963891,-1.595735,13.964635,96.561508,40.250584
2.0201039,10.231621,8.529344,-1.466449,13.400979,96.282372,39.815460
2.0302720,9.682152,7.876924,-1.417367,12.561804,96.478569,39.130112
2.0400898,8.920795,7.291541,-1.340753,11.599344,96.637581,39.261345
2.0504451,8.183381,7.028179,-1.318008,10.867391,96.966042,40.657158
2.0600939,7.484274,6.999449,-1.392228,10.341419,97.737015,43.082806
2.0703630,6.902483,7.295133,-1.523909,10.158028,98.628098,46.584167
2.0800619,6.755240,7.841011,-1.824382,10.509191,99.997124,49.254223
2.0903730,6.771999,8.140285,-2.187103,10.812384,101.670181,50.242531
2.1000700,6.688202,8.118738,-2.378639,10.784429,102.742065,50.518364
2.1103220,6.471527,7.767987,-2.390610,10.389288,103.303162,50.202248
2.1202080,6.216545,7.304709,-2.242170,9.850459,103.157043,49.601139
2.1307850,6.069301,7.163452,-1.940500,9.587336,101.677483,49.726749
2.1401329,6.155493,7.360973,-1.768118,9.757062,100.440491,50.096500
2.1503789,6.499061,7.582437,-1.733402,10.135868,99.846931,49.399448
2.1602020,6.833052,7.613562,-1.666364,10.365023,99.251480,48.092522
2.1701660,6.873753,7.451953,-1.398214,10.234016,97.852547,47.311260
2.1800969,6.622362,7.240066,-1.027112,9.865556,95.975945,47.551388
2.1901050,6.303933,7.019799,-0.410606,9.443821,92.491936,48.075466
2.2001228,5.670667,6.766014,-0.445322,8.839328,92.887756,50.033279
2.2101510,5.433641,6.822278,-0.524330,8.737439,93.440361,51.464233
2.2201278,5.270835,7.005434,-0.482432,8.780122,93.149757,53.042477
2.2301869,5.347449,7.290344,-0.439336,9.051926,92.781952,53.740047
2.2400858,5.550957,7.650671,-0.326809,9.457944,91.980186,54.037178
2.2503738,5.699397,7.927202,-0.167594,9.764822,90.983421,54.285110
2.2604070,5.723339,8.094796,-0.167594,9.915161,90.968506,54.738186
2.2702219,5.613206,8.140285,-0.004788,9.887990,90.027748,55.411453
2.2802119,5.307945,8.269572,0.275333,9.830357,88.395020,57.305035
2.2902288,5.069722,8.364143,0.124498,9.781436,89.270714,58.778870
2.3001468,4.817134,8.440758,-0.003591,9.718600,90.021172,60.286633
2.3104088,4.586093,8.578424,0.064643,9.727579,89.619247,61.870689
2.3206630,4.481946,8.781932,-0.087388,9.859909,90.507820,62.962059
2.3308029,4.357447,8.960299,-0.165200,9.965018,90.949890,64.066071
2.3401890,4.180276,9.068039,-0.318429,9.990267,91.826553,65.250763
2.3503218,4.048595,9.142260,-0.541090,10.013231,93.097626,66.114128
2.3604600,3.948039,9.150639,-0.617704,9.985126,93.546722,66.662239
2.3701560,3.815161,9.077616,-0.679953,9.870202,93.950203,67.203850
2.3801060,3.711013,8.965088,-0.684742,9.726936,94.036758,67.513359
2.3902562,3.673903,8.912416,-0.548272,9.655533,93.255188,67.597420
2.4004500,3.836708,8.993818,-0.549469,9.793417,93.216324,66.897202
2.4107258,4.249708,9.566033,0.700304,10.490922,86.172470,66.046822
2.4204779,4.570531,9.102755,-0.677559,10.208280,93.805717,63.338581
2.4307687,4.752491,9.107543,-0.699107,10.296711,93.893158,62.443584
2.4406278,4.645948,9.108741,-0.372298,10.231940,92.085220,62.975971
2.4502339,4.304775,8.755595,-0.608127,9.775549,93.566620,63.818508
2.4607019,3.902549,8.470686,-0.523133,9.341096,93.210442,65.263901
2.4701800,3.772065,8.359355,-0.378284,9.178801,92.361984,65.713264
2.4802361,3.776853,8.413225,-0.296881,9.226869,91.843849,65.823807
2.4904199,3.793612,8.694544,-0.271742,9.490018,91.640862,66.427345
2.5001888,4.182671,8.887277,-0.559046,9.838240,93.257515,64.796646
2.5106108,4.563348,9.047688,-0.434548,10.142665,92.455505,63.235168
2.5209000,4.686650,9.216479,-0.499191,10.351685,92.764053,63.046318
2.5301399,4.581305,9.198523,-0.533907,10.290104,92.974152,63.524494
2.5400479,4.588488,9.005790,-0.222661,10.109799,91.262001,63.000965
2.5501819,4.661511,8.901642,-0.010774,10.048334,90.061432,62.360359
2.5601058,4.599261,8.992621,-0.089783,10.100916,90.509285,62.912601
2.5701959,4.423288,9.070433,-0.542287,10.106052,93.075943,64.003357
2.5803010,4.528633,8.890868,-0.131681,9.978647,90.756111,63.007629
2.5902560,4.808754,8.811859,0.186748,10.040312,88.934250,61.378090
2.6003630,4.983531,8.872911,0.183156,10.178295,88.968918,60.678959
2.6101499,4.988319,8.884883,0.044293,10.189526,89.750938,60.688450
2.6201589,4.868609,8.839393,-0.144849,10.092532,90.822342,61.154667
2.6302259,4.754885,8.838196,-0.294487,10.040386,91.680740,61.720074
2.6401651,4.801571,8.889671,-0.369904,10.110300,92.096741,61.625221
2.6503589,5.232528,8.992621,0.277727,10.407868,88.470917,59.806202
2.6601830,4.880580,8.621520,-0.864307,9.944732,94.985924,60.486115
2.6721590,4.323928,8.767567,-0.823605,9.810449,94.815758,63.748722
2.6809189,4.368221,8.659827,-1.131260,9.764922,96.652618,63.232548
2.6903069,4.578911,8.875306,-0.993594,10.036170,95.681664,62.710075
2.7005739,4.744111,8.926781,-0.761356,10.137734,94.307037,62.011723
2.7102451,4.884171,8.634688,-0.738611,9.947790,94.258057,60.505531
2.7210460,4.845864,8.428787,-0.560243,9.738621,93.297928,60.104614
2.7306139,4.969166,8.464700,-0.142455,9.816519,90.831490,59.585117
2.7401369,5.238513,8.597578,-0.090980,10.068200,90.517754,58.646004
2.7502270,5.261258,8.558074,-0.159214,10.047230,90.907982,58.417995
2.7608571,5.036203,8.473080,-0.179565,9.858431,91.043663,59.273724
2.7703218,4.819528,8.403648,-0.282516,9.691696,91.670425,60.165546
2.7801788,4.721366,8.475474,-0.435745,9.711582,92.571640,60.879475
2.7902949,4.769250,8.500613,-0.414197,9.755907,92.433281,60.705494
2.8001437,5.019444,8.601170,-0.314838,9.963636,91.810768,59.733150
2.8103368,5.176264,8.656237,-0.185551,10.087546,91.053963,59.121380
2.8201509,5.169082,8.656237,-0.116119,10.082823,90.659859,59.156414
2.8301921,5.067328,8.548497,-0.158017,9.938792,90.910988,59.341637
2.8401868,4.988319,8.500613,-0.233435,9.858917,91.356750,59.594788
2.8503809,4.859032,8.516175,-0.260968,9.808340,91.524635,60.292431
2.8601620,4.739322,8.588001,-0.311246,9.813858,91.817436,61.107716
2.8722968,4.693832,8.649054,-0.452504,9.851038,92.632790,61.511364
2.8853779,4.667496,8.671799,-0.393846,9.856000,92.290154,61.709148
2.9002087,4.763264,8.602366,-0.257377,9.836445,91.499352,61.026020
2.9109299,4.835090,8.590396,-0.167594,9.859061,90.974014,60.627087
2.9202900,4.900931,8.599973,-0.142455,9.899442,90.824524,60.322159
2.9301980,4.924873,8.621520,-0.199916,9.931009,91.153465,60.263687
2.9401269,4.906917,8.583213,-0.233435,9.889584,91.352539,60.243931
2.9501410,4.802769,8.505402,-0.312443,9.772720,91.832115,60.547768
2.9601600,4.655525,8.390480,-0.359130,9.602242,92.143402,60.975945
2.9702981,4.651934,8.366538,-0.311246,9.577908,91.862228,60.925217
2.9802279,4.715380,8.401254,-0.320823,9.639440,91.907288,60.695766
2.9916539,4.742914,8.441956,-0.269348,9.686815,91.593346,60.671570
3.0000989,4.768053,8.465898,-0.280122,9.720299,91.651390,60.611485
3.0100570,4.771644,8.465898,-0.288501,9.722306,91.700455,60.593033
3.0200639,4.803966,8.483853,-0.293290,9.753967,91.723076,60.479374
3.0300839,4.865018,8.523358,-0.277727,9.818003,91.620972,60.282860
3.0400958,4.893748,8.558074,-0.266953,9.862082,91.551109,60.237858
3.0500379,4.825513,8.579621,-0.238223,9.846432,91.386337,60.644901
3.0600519,4.850653,8.623915,-0.172383,9.895982,90.998108,60.643757
3.0701408,4.893748,8.664616,-0.143652,9.952134,90.827057,60.542374
3.0800078,4.878186,8.584411,-0.079009,9.873958,90.458473,60.392120
3.0902441,4.854244,8.497022,-0.025139,9.785892,90.147186,60.261204
3.1001918,4.811148,8.440758,-0.076614,9.715936,90.451805,60.317287
3.1101758,4.729745,8.462306,-0.193930,9.696325,91.146011,60.798336
3.1202259,4.712986,8.504205,-0.294487,9.727304,91.734848,61.005009
3.1303020,4.739322,8.584411,-0.378284,9.813072,92.209244,61.097580
3.1401289,4.848258,8.650250,-0.393846,9.924089,92.274429,60.730412
3.1503098,4.990714,8.610746,-0.293290,9.956817,91.687958,59.903793
3.1600900,4.990714,8.603564,-0.269348,9.949929,91.551201,59.883045
3.1702669,4.958392,8.583213,-0.233435,9.915224,91.349045,59.985626
3.1801331,4.927267,8.445546,-0.216675,9.780192,91.269463,59.740028
3.1902618,4.872200,8.311471,-0.111330,9.634900,90.662064,59.621086
3.2001369,5.011064,8.285135,-0.111330,9.683317,90.658752,58.833366
3.2103448,5.078102,8.384495,-0.100556,9.802907,90.587738,58.798645
3.2200770,5.008670,8.402451,-0.259771,9.785470,91.521187,59.200985
3.2302499,4.878186,8.216900,-0.169988,9.557355,91.019127,59.303364
3.2401979,4.708198,8.209718,-0.107739,9.464576,90.652237,60.166126
3.2503150,4.559757,8.443152,-0.978031,9.645452,95.819695,61.628563
3.2600298,4.344279,8.493430,-1.397017,9.641720,98.331078,62.910847
