Keuwl Accelerometer Data File
2019-06-26 17-29-22

Time (s), X (m/s2), Y (m/s2), Z (m/s2), R (m/s2), Theta (deg), Phi (deg)
0.0000000,4.277241,8.761581,-1.459266,9.858477,98.512283,63.979229
0.0093520,4.463989,8.748413,-1.661576,9.961062,99.602226,62.966473
0.0195500,4.513070,8.603564,-1.273715,9.798544,97.469032,62.320377
0.0293800,4.727351,8.410830,-0.636858,9.669308,93.776451,60.661610
0.0395030,5.036203,8.254010,0.050278,9.669258,89.702072,58.610451
0.0494230,5.562928,8.265982,0.648829,9.984669,86.274155,56.059818
0.0595850,6.132748,8.532935,1.236605,10.580679,83.288277,54.294636
0.0693530,6.593631,8.621520,1.780089,10.998877,80.686127,52.591690
0.0795330,6.622362,8.476671,1.988384,10.939073,79.527184,52.001427
0.0893260,5.656301,8.652645,1.501164,10.445837,81.737450,56.827042
0.1000710,5.273229,8.689755,0.875081,10.202185,85.079475,58.749249
0.1094870,4.906917,8.634688,0.272939,9.935300,88.425797,60.391319
0.1194530,4.408922,8.461109,-0.271742,9.544779,91.631447,62.476841
0.1293390,4.456807,8.894460,-0.672771,9.971316,93.868721,63.385616
0.1394310,4.436456,8.920795,-1.183933,10.033166,96.776802,63.558098
0.1494670,4.140772,8.722076,-1.205481,9.730046,97.116806,64.604149
0.1594940,3.960010,8.433576,-0.991199,9.369597,96.072624,64.847466
0.1695940,4.043807,8.213309,-0.760159,9.186330,94.746590,63.786762
0.1795130,4.240131,8.170214,-0.511162,9.219131,93.178436,62.571846
0.1893620,4.473566,8.203732,-0.260968,9.347840,91.599762,61.395985
0.1997170,4.675876,8.250419,-0.062249,9.483517,90.376091,60.457859
0.2093300,4.881777,8.298303,0.128090,9.628602,89.237770,59.532288
0.2194670,5.046977,8.379706,0.268151,9.785876,88.429794,58.940048
0.2293430,5.197812,8.444349,0.360327,9.922405,87.918877,58.386150
0.2395890,5.234922,8.463503,0.391452,9.959344,87.747406,58.262005
0.2493660,5.222951,8.524555,0.341174,10.003182,88.045464,58.504414
0.2594480,5.167884,8.602366,0.191536,10.037152,88.906578,59.004597
0.2696020,5.064934,8.637083,0.037110,10.012699,89.787643,59.611908
0.2794980,4.951209,8.677784,-0.104148,9.991459,90.597244,60.292583
0.2893500,4.879383,8.653842,-0.199916,9.936666,91.152809,60.583954
0.2994660,4.879383,8.615535,-0.149638,9.902434,90.865837,60.475079
0.3093310,4.939238,8.622718,-0.002394,9.937170,90.013802,60.195190
0.3194310,5.051765,8.619126,0.124498,9.991255,89.286034,59.624962
0.3293380,5.163096,8.570045,0.195127,10.007063,88.882721,58.932781
0.3393980,5.210980,8.513782,0.232238,9.984624,88.667206,58.530697
0.3493950,5.243302,8.488642,0.208296,9.979611,88.804031,58.297020
0.3596980,5.251681,8.473080,0.169988,9.970061,89.023064,58.209038
0.3696880,5.199009,8.453926,0.148441,9.925754,89.143105,58.409248
0.3794130,5.084087,8.413225,0.125696,9.830875,89.267410,58.855553
0.3905190,4.989516,8.409634,0.058658,9.778582,89.656303,59.318935
0.3994370,4.924873,8.428787,-0.039504,9.762192,90.231857,59.702599
0.4093770,4.881777,8.437167,-0.119710,9.748429,90.703606,59.946163
0.4194430,4.850653,8.433576,-0.143652,9.730091,90.845924,60.094223
0.4295370,4.824317,8.444349,-0.141258,9.726306,90.832153,60.260368
0.4394410,4.818331,8.518570,-0.140061,9.787848,90.819908,60.506340
0.4494080,4.863821,8.542512,-0.098162,9.830610,90.572128,60.344261
0.4593820,4.885368,8.564059,-0.034716,9.859571,90.201744,60.297398
0.4693480,4.930859,8.586804,0.014365,9.901857,89.916878,60.133972
0.4793970,4.970363,8.579621,0.065841,9.915581,89.619545,59.915348
0.4893150,5.001487,8.573636,0.140061,9.926819,89.191566,59.742569
0.4994070,5.017050,8.601170,0.205901,9.959583,88.815399,59.745049
0.5093550,5.044583,8.566454,0.221464,9.943892,88.723839,59.507172
0.5194499,5.069722,8.552089,0.217872,9.944233,88.744583,59.340321
0.5293740,5.088876,8.553286,0.229843,9.955309,88.677063,59.248981
0.5395060,5.032612,8.667010,0.056264,10.022346,89.678352,59.857853
0.5495380,4.805163,8.528147,0.004788,9.788713,89.971970,60.601025
0.5595570,4.724957,8.556877,-0.228646,9.777405,91.339996,61.093292
0.5693260,4.661511,8.525752,-0.032322,9.716953,90.190582,61.332077
0.5794790,4.914099,8.541314,0.038307,9.854130,89.777267,60.086765
0.5893900,4.963180,8.517372,0.065841,9.858150,89.617332,59.770107
0.5995180,4.946421,8.483853,0.071826,9.820794,89.580956,59.756130
0.6093870,4.945224,8.458714,0.059855,9.798402,89.650002,59.688133
0.6194180,4.947618,8.427590,0.044293,9.772675,89.740318,59.583920
0.6293330,4.932055,8.446744,0.035913,9.781305,89.789635,59.719337
0.6394629,4.940435,8.441956,0.050278,9.781465,89.705490,59.662804
0.6494130,4.936844,8.446744,0.049081,9.783778,89.712570,59.695118
0.6598390,4.941632,8.497022,0.021548,9.829526,89.874397,59.818905
0.6694350,4.944026,8.520964,-0.004788,9.851408,90.027847,59.876873
0.6794180,4.935647,8.520964,-0.015562,9.847217,90.090546,59.919041
0.6893490,4.929661,8.526949,0.004788,9.849388,89.972145,59.966625
0.6996999,4.928464,8.520964,0.003591,9.843607,89.979095,59.955219
0.7093740,4.928464,8.519767,0.029928,9.842616,89.825783,59.951729
0.7196659,4.932055,8.522161,0.040701,9.846524,89.763161,59.940617
0.7294279,4.942830,8.523358,0.044293,9.852978,89.742432,59.889881
0.7395040,4.967968,8.538920,0.040701,9.879045,89.763939,59.809032
0.7494480,4.989516,8.537724,0.020351,9.888803,89.882088,59.697632
0.7597560,4.966772,8.519767,0.007183,9.861811,89.958267,59.759083
0.7696120,4.935647,8.526949,-0.010774,9.852389,90.062653,59.936489
0.7798709,4.948815,8.532935,-0.022745,9.864191,90.132111,59.887711
0.7897330,4.922479,8.508993,-0.021548,9.830271,90.125595,59.950485
0.7998340,4.912902,8.495825,0.003591,9.814054,89.979034,59.960388
0.8093710,4.918888,8.514978,-0.009577,9.833636,90.055801,59.986061
0.8196260,4.923676,8.517372,0.001197,9.838100,89.993027,59.968887
0.8293410,4.942830,8.544906,0.007183,9.871526,89.958313,59.952618
0.8394700,4.961983,8.543709,0.008380,9.880096,89.951408,59.852997
0.8493500,4.948815,8.522161,0.001197,9.854846,89.993042,59.856285
0.8594100,4.948815,8.518570,0.004788,9.851742,89.972153,59.845795
0.8693280,4.963180,8.487445,0.025139,9.832116,89.853500,59.682301
0.8800470,4.981137,8.506598,0.027533,9.857722,89.839966,59.648403
0.8893799,4.979939,8.514978,0.023942,9.864342,89.860939,59.678997
0.8995690,4.983531,8.506598,-0.010774,9.858900,90.062614,59.636395
0.9095300,4.989516,8.497022,-0.022745,9.853688,90.132256,59.578217
0.9193810,4.965574,8.516175,0.009577,9.858107,89.944336,59.754581
0.9295430,4.938041,8.529344,0.002394,9.855657,89.986084,59.931416
0.9398000,4.942830,8.550891,-0.016759,9.876719,90.097221,59.970005
0.9497650,4.951209,8.549694,-0.044293,9.879965,90.256866,59.924461
0.9603950,4.953603,8.519767,-0.070629,9.855435,90.410614,59.825222
0.9693429,4.920084,8.498219,-0.068235,9.819960,90.398125,59.931099
0.9794050,4.923676,8.483853,-0.049081,9.809218,90.286682,59.870899
0.9900129,4.933253,8.491036,-0.037110,9.820187,90.216522,59.843613
0.9999210,4.928464,8.517372,-0.021548,9.840521,90.125458,59.944748
1.0109900,4.939238,8.548497,-0.067038,9.873063,90.389038,59.981098
1.0194260,4.939238,8.548497,-0.067038,9.873063,90.389038,59.981098
1.0293880,4.990714,8.538920,-0.025139,9.890451,90.145630,59.695141
1.0394469,5.051765,8.661025,-0.041899,10.026736,90.239418,59.746029
1.0493810,4.896142,8.415619,-0.041899,9.736355,90.246559,59.809483
1.0610600,5.024232,8.752005,0.019154,10.091623,89.891251,60.141312
1.0694480,5.056554,8.741230,0.053870,10.098552,89.694359,59.951836
1.0796081,4.993108,8.497022,0.017957,9.855497,89.895607,59.560211
1.0894960,4.965574,8.250419,-0.052672,9.629596,90.313400,58.958065
1.0994450,5.091270,8.376115,-0.100556,9.802573,90.587761,58.707432
1.1096419,5.291186,8.791509,-0.117316,10.261629,90.655045,58.958290
1.1194659,4.735731,7.747637,-0.225055,9.083154,91.419777,58.564705
1.1293579,5.313931,8.792706,-0.229843,10.276300,91.281601,58.853054
1.1393809,4.741716,7.852982,-0.342371,9.179892,92.137383,58.875961
1.1493739,4.707001,7.947553,-0.374693,9.244450,92.322929,59.363529
1.1596401,5.020641,8.565256,-0.282516,9.932283,91.629951,59.622723
1.1693380,4.977545,8.508993,-0.108936,9.858539,90.633125,59.673447
1.1794189,4.915296,8.324639,0.033519,9.667517,89.801346,59.440208
1.1895640,4.954801,8.297106,0.144849,9.665040,89.141281,59.155529
1.1996319,5.075707,8.409634,0.177171,9.824263,88.966667,58.886555
1.2105960,5.195418,8.564059,0.150835,10.017896,89.137291,58.756752
1.2196530,5.263652,8.704121,0.069432,10.172147,89.608917,58.837341
1.2293810,5.299565,8.784326,0.040701,10.259212,89.772690,58.897507
1.2394450,5.319916,8.719683,-0.015562,10.214432,90.087296,58.612453
1.2493449,5.249287,8.518570,0.020351,10.006071,89.883469,58.357922
1.2601399,5.125986,8.282741,0.101754,9.741143,89.401489,58.247646
1.2693470,5.092467,8.188169,0.161609,9.643933,89.039818,58.121288
1.2797149,5.184644,8.356961,0.119710,9.835327,89.302612,58.184612
1.2895229,5.341464,8.672996,-0.032322,10.185928,90.181808,58.372204
1.2997530,5.397728,8.826224,-0.215478,10.348146,91.193146,58.551891
1.3095740,5.195418,8.518570,-0.367510,9.984661,92.109390,58.621269
1.3195530,4.898537,7.937976,-0.409408,9.336741,92.513176,58.321201
1.3295510,4.892551,7.835025,-0.293290,9.241791,91.818596,58.017445
1.3397400,5.075707,8.134300,-0.138864,9.589000,90.829758,58.036324
1.3493350,5.222951,8.438364,-0.040701,9.924054,90.234985,58.244438
1.3595580,5.184644,8.374918,-0.112527,9.850505,90.654533,58.239674
1.3695381,4.811148,7.735666,-0.254982,9.113325,91.603294,58.120716
1.3796829,5.261258,8.525752,-0.292093,10.022704,91.670013,58.321182
1.3900479,5.160702,8.374918,-0.338780,9.843113,91.972389,58.358242
1.3995199,5.015852,8.139089,-0.375890,9.567906,92.251534,58.355839
1.4096140,5.111620,8.261193,-0.278924,9.718733,91.644600,58.252811
1.4195199,5.200206,8.376115,-0.199916,9.861106,91.161644,58.166439
1.4294950,5.243302,8.447941,-0.196325,9.944771,91.131180,58.173767
1.4400240,5.164293,8.347384,-0.243011,9.818748,91.418198,58.256081
1.4493810,5.109226,8.304289,-0.356736,9.756673,92.095390,58.398029
1.4594520,5.342661,8.704121,-0.349553,10.218998,91.960258,58.458054
1.4693780,5.177461,8.457518,-0.338780,9.922221,91.956657,58.526173
1.4796330,5.197812,8.566454,-0.305261,10.024698,91.744972,58.752151
1.4894179,5.215768,8.421604,-0.168791,9.907378,90.976189,58.228745
1.4995689,5.269638,8.277952,-0.069432,9.813175,90.405396,57.519695
1.5094649,5.336676,8.419210,0.010774,9.968115,89.938072,57.630661
1.5194539,5.336676,8.445546,-0.044293,9.990461,90.254021,57.711521
1.5294690,5.284003,8.456321,-0.142455,9.972480,90.818489,58.000450
1.5403780,5.155913,8.249222,-0.149638,9.729106,90.881264,57.993870
1.5493680,5.353435,8.585608,-0.108936,10.118487,90.616859,58.054977
1.5596319,5.328296,8.532935,-0.132878,10.060784,90.756760,58.017746
1.5693690,5.298368,8.482656,-0.172383,10.002893,90.987442,58.010609
1.5795630,5.287594,8.361750,-0.228646,9.895948,91.323936,57.692581
1.5894850,5.064934,8.031349,-0.161609,9.496433,90.975098,57.762608
1.5994760,5.286397,8.471883,-0.108936,9.986524,90.625015,58.036118
1.6095029,5.239710,8.497022,-0.185551,9.984406,91.064850,58.339832
1.6198530,5.099649,8.219295,-0.227449,9.675483,91.347023,58.182526
1.6294869,5.015852,8.106767,-0.280122,9.537133,91.683113,58.253918
1.6394570,5.424064,8.860941,-0.300472,10.393605,91.656616,58.527870
1.6493800,5.218163,8.350976,-0.311246,9.852152,91.810371,58.000526
1.6594989,5.111620,8.034941,-0.284910,9.527335,91.713654,57.536541
1.6693540,5.146337,8.131907,-0.207098,9.625777,91.232811,57.672028
1.6796379,5.181053,8.246828,-0.140061,9.740282,90.823914,57.860992
1.6894320,5.182250,8.298303,-0.134075,9.784452,90.785141,58.015423
1.6996980,5.193024,8.289924,-0.209493,9.784386,91.226852,57.935902
1.7093899,5.194221,8.251616,-0.223858,9.752908,91.315224,57.810440
1.7200938,5.215768,8.275558,-0.204704,9.784223,91.198822,57.778336
1.7295020,5.279215,8.406042,-0.199916,9.928324,91.153778,57.870102
1.7394190,5.368997,8.605958,-0.264559,10.146853,91.494041,58.041206
1.7495719,5.360618,8.643068,-0.284910,10.174479,91.604630,58.191917
1.7598169,5.246893,8.458714,-0.239420,9.956759,91.377869,58.188904
1.7693709,5.036203,8.143877,-0.185551,9.577083,91.110146,58.267200
1.7794589,4.918888,7.948750,-0.101754,9.348178,90.623665,58.249729
1.7893599,5.050569,8.135497,-0.162806,9.577111,90.974045,58.167725
1.7995319,5.319916,8.632295,-0.114922,10.140574,90.649338,58.355274
1.8094200,5.420473,8.870518,-0.064643,10.395759,90.356285,58.572311
1.8198979,5.225345,8.532935,-0.076614,10.006052,90.438705,58.517792
1.8295110,5.045780,8.058883,-0.171185,9.509721,91.031441,57.948738
1.8413130,5.222951,8.292317,-0.118513,9.800806,90.692848,57.795052
1.8503749,5.398925,8.611943,-0.019154,10.164366,90.107971,57.915936
1.8596530,5.357026,8.554482,0.019154,10.093427,89.891273,57.944195
1.8697689,4.885368,7.772776,-0.032322,9.180627,90.201721,57.849693
1.8796290,5.481525,8.795100,-0.031125,10.363488,90.172073,58.066875
1.8895220,5.093664,8.186973,-0.095768,9.642672,90.569054,58.111488
1.8997489,5.104438,8.171411,-0.154426,9.635927,90.918266,58.008202
1.9094239,5.202600,8.364143,-0.183156,9.851877,91.065247,58.117878
1.9196010,5.157111,8.374918,-0.177171,9.836993,91.031990,58.376053
1.9294599,5.142745,8.449138,-0.174777,9.892740,91.012306,58.672337
1.9397340,5.200206,8.500613,-0.149638,9.966190,90.860298,58.544006
1.9497180,5.094861,8.270770,-0.095768,9.714547,90.564842,58.366596
1.9596180,5.279215,8.593987,-0.016759,10.085981,90.095207,58.437939
1.9696249,5.070919,8.177396,-0.093374,9.622512,90.555992,58.196362
1.9804291,5.246893,8.524555,-0.049081,10.010012,90.280937,58.387562
1.9898770,5.068525,8.257602,-0.107739,9.689661,90.637085,58.458355
1.9997350,5.243302,8.469488,-0.057461,9.961312,90.330505,58.239124
2.0095329,5.190629,8.412027,-0.069432,9.884820,90.402451,58.323399
2.0198219,5.112818,8.309077,-0.043096,9.756205,90.253090,58.394802
2.0296071,5.147533,8.390480,0.032322,9.843694,89.811867,58.471012
2.0397401,5.208586,8.463503,-0.021548,9.937842,90.124229,58.391140
2.0497029,5.218163,8.416816,-0.068235,9.903366,90.394775,58.202381
2.0595880,5.177461,8.384495,-0.047884,9.854347,90.278412,58.304493
2.0696609,5.203797,8.386889,-0.028730,9.870169,90.166779,58.181717
2.0795679,5.231331,8.354567,-0.029928,9.857306,90.173958,57.946674
2.0894089,5.213374,8.289924,-0.051475,9.793097,90.301163,57.834999
2.0994809,5.190629,8.276755,-0.043096,9.769809,90.252739,57.906803
2.1106219,5.203797,8.277952,-0.050278,9.777859,90.294617,57.845161
2.1196890,5.214571,8.295909,-0.076614,9.798965,90.447975,57.847702
2.1294379,5.202600,8.313866,-0.077812,9.807827,90.454567,57.962742
2.1394529,5.203797,8.361750,-0.116119,9.849459,90.675499,58.104610
2.1495779,5.226542,8.355764,-0.199916,9.857764,91.162041,57.973965
2.1595910,5.183447,8.328231,-0.088585,9.809964,90.517395,58.102085
2.1694961,5.155913,8.303091,-0.077812,9.773987,90.456139,58.161243
2.1794980,5.158308,8.305486,-0.177171,9.778580,91.038155,58.156727
2.1895092,5.173870,8.304289,-0.155623,9.785416,90.911247,58.075611
2.1995618,5.190629,8.305486,-0.027533,9.794105,90.161072,57.996101
2.2103119,5.206192,8.315063,-0.014365,9.810449,90.083900,57.948669
2.2197680,5.215768,8.343793,-0.052672,9.840015,90.306702,57.990185
2.2296288,5.210980,8.354567,-0.046687,9.846587,90.271667,58.047039
2.2395499,5.193024,8.362947,-0.029928,9.844149,90.174187,58.161530
2.2494910,5.191826,8.346188,-0.080206,9.829564,90.467522,58.115925
2.2598209,5.193024,8.330625,-0.114922,9.817332,90.670723,58.062012
2.2693717,5.209783,8.339005,-0.061052,9.832830,90.355751,58.004967
2.2797420,5.212177,8.397662,-0.020351,9.883720,90.117973,58.173367
2.2895019,5.234922,8.365341,-0.016759,9.868315,90.097305,57.962200
2.2994549,5.226542,8.325836,-0.019154,9.830395,90.111633,57.881458
2.3094311,5.220557,8.365341,0.010774,9.860693,89.937401,58.032959
2.3196070,5.221754,8.379706,-0.025139,9.873542,90.145882,58.071198
2.3294480,5.200206,8.371326,-0.075417,9.855300,90.438461,58.151756
2.3397059,5.181053,8.377312,-0.101754,9.850533,90.591866,58.264767
2.3500841,5.182250,8.386889,-0.122104,9.859539,90.709587,58.288124
2.3594959,5.188235,8.362947,-0.092177,9.842010,90.536621,58.185211
2.3693819,5.185841,8.312668,-0.063446,9.797828,90.371025,58.042107
2.3797889,5.154716,8.329428,-0.041899,9.795521,90.245071,58.248459
2.3894699,5.177461,8.374918,-0.044293,9.846183,90.257744,58.275211
2.3994370,5.208586,8.336611,-0.083797,9.830334,90.488411,58.003494
2.4096360,5.175067,8.319851,-0.075417,9.798312,90.441010,58.117794
2.4197209,5.191826,8.456321,-0.088585,9.923320,90.511490,58.451820
2.4293308,5.191826,8.464700,-0.144849,9.931122,90.835709,58.477116
2.4394140,5.167884,8.413225,-0.162806,9.875013,90.944656,58.439373
2.4497430,5.155913,8.354567,-0.150835,9.818604,90.880219,58.319725
2.4598551,5.175067,8.403648,-0.106542,9.869852,90.618500,58.374744
2.4696498,5.269638,8.396465,-0.079009,9.913423,90.456642,57.887539
2.4796338,5.279215,8.307879,-0.017957,9.843337,90.104523,57.566216
2.4894409,5.236119,8.248025,0.049081,9.769814,89.712158,57.591267
2.4995251,5.224148,8.287529,0.056264,9.796838,89.670944,57.774204
2.5098670,5.230134,8.340201,-0.014365,9.844463,90.083611,57.908207
2.5195498,5.203797,8.327033,-0.113725,9.819975,90.663551,57.997578
2.5294750,5.163096,8.346188,-0.153229,9.815289,90.894493,58.258350
2.5394969,5.181053,8.376115,-0.153229,9.850182,90.891327,58.261105
2.5494499,5.169082,8.371326,-0.110133,9.839240,90.641342,58.305721
2.5595891,5.130774,8.400057,-0.087388,9.843446,90.508667,58.583317
2.5693860,5.164293,8.422802,-0.092177,9.880385,90.534538,58.486187
2.5797350,5.184644,8.394072,-0.094571,9.866606,90.549187,58.298225
2.5894268,5.165490,8.371326,-0.081403,9.837074,90.474136,58.323521
2.5997088,5.157111,8.365341,-0.095768,9.827710,90.558342,58.346775
2.6103199,5.177461,8.376115,-0.075417,9.847390,90.438812,58.278877
2.6199548,5.189432,8.384495,-0.063446,9.860729,90.368660,58.245312
2.6300988,5.193024,8.364143,-0.046687,9.845231,90.271706,58.165203
2.6402419,5.195418,8.354567,-0.033519,9.838306,90.195206,58.123940
2.6495290,5.206192,8.413225,-0.064643,9.893987,90.374352,58.250343
2.6598279,5.214571,8.404845,-0.105345,9.891627,90.610207,58.183525
2.6694138,5.202600,8.365341,-0.082600,9.851539,90.480400,58.121559
2.6795099,5.184644,8.360553,-0.038307,9.837726,90.223106,58.195637
2.6895528,5.190629,8.379706,-0.008380,9.857088,90.048706,58.224743
2.6999099,5.210980,8.385692,-0.032322,9.872952,90.187576,58.142635
2.7094889,5.200206,8.392874,-0.069432,9.873566,90.402916,58.217735
2.7196968,5.224148,8.416816,-0.104148,9.906835,90.602348,58.172958
2.7295160,5.227739,8.372523,-0.108936,9.871183,90.632317,58.019661
2.7396669,5.209783,8.341399,-0.063446,9.834877,90.369629,58.012360
2.7494750,5.179855,8.378509,-0.067038,9.850625,90.389923,58.274349
2.7603357,5.176264,8.373720,-0.071826,9.844697,90.418030,58.277473
2.7696428,5.155913,8.362947,-0.076614,9.824876,90.446800,58.345390
2.7798510,5.139154,8.366538,-0.099359,9.819355,90.579773,58.439632
2.7901270,5.155913,8.426393,-0.126893,9.879455,90.735931,58.538509
2.7999868,5.173870,8.415619,-0.155623,9.880070,90.902519,58.417057
2.8102009,5.151125,8.378509,-0.104148,9.835871,90.606689,58.416710
2.8196988,5.125986,8.388085,-0.075417,9.830636,90.439560,58.570766
2.8294489,5.154716,8.400057,-0.096965,9.856036,90.563690,58.464535
2.8398640,5.170279,8.364143,-0.111330,9.833772,90.648674,58.277798
2.8497038,5.177461,8.354567,-0.100556,9.829293,90.586159,58.212830
2.8596778,5.158308,8.366538,-0.077812,9.829200,90.453583,58.344498
2.8697867,5.183447,8.352173,-0.080206,9.830226,90.467484,58.175823
2.8795950,5.160702,8.334216,-0.073023,9.802925,90.426804,58.233437
2.8896289,5.175067,8.384495,-0.082600,9.853319,90.480316,58.316341
2.8996580,5.202600,8.397662,-0.111330,9.879280,90.645683,58.220558
2.9101250,5.183447,8.364143,-0.124498,9.840859,90.724876,58.212578
2.9201159,5.197812,8.364143,-0.099359,9.848147,90.578072,58.141533
2.9295130,5.199009,8.366538,-0.061052,9.850502,90.355118,58.142975
2.9398379,5.195418,8.336611,-0.047884,9.823123,90.279297,58.068630
2.9494820,5.179855,8.295909,-0.039504,9.780315,90.231430,58.019894
2.9595780,5.190629,8.330625,-0.046687,9.815504,90.272522,58.073872
2.9693770,5.200206,8.364143,-0.081403,9.849247,90.473549,58.129704
2.9797189,5.193024,8.379706,-0.089783,9.858755,90.521797,58.212914
2.9898250,5.200206,8.356961,-0.086191,9.843189,90.501717,58.107632
2.9995959,5.170279,8.349778,-0.093374,9.821369,90.544731,58.233734
3.0095417,5.129577,8.378509,-0.090980,9.824471,90.530594,58.523769
3.0195198,5.106832,8.361750,-0.092177,9.798321,90.539009,58.586033
3.0295639,5.105635,8.360553,-0.096965,9.796721,90.567108,58.588360
3.0396228,5.114015,8.403648,-0.080206,9.837728,90.467133,58.677525
3.0493779,5.158308,8.459911,-0.090980,9.908911,90.526077,58.627861
3.0594668,5.184644,8.462306,-0.095768,9.924733,90.552879,58.505238
3.0693560,5.199009,8.434772,-0.076614,9.908629,90.443024,58.351231
3.0800419,5.218163,8.425196,-0.061052,9.910442,90.352966,58.227909
3.0894520,5.230134,8.401254,-0.015562,9.896242,90.090103,58.096001
3.0997040,5.232528,8.339005,0.010774,9.844717,89.937294,57.892704
3.1097109,5.225345,8.288726,0.055067,9.798481,89.678001,57.772015
3.1196799,5.220557,8.322245,0.058658,9.824327,89.657906,57.899887
3.1295779,5.236119,8.312668,0.028730,9.824368,89.832443,57.793324
3.1405671,5.227739,8.318654,-0.009577,9.824936,90.055847,57.853279
3.1497390,5.195418,8.348581,-0.043096,9.833261,90.251106,58.105522
3.1596920,5.165490,8.395268,-0.096965,9.857597,90.563606,58.396599
3.1695578,5.145139,8.409634,-0.148441,9.859839,90.862625,58.541084
3.1802270,5.120000,8.383297,-0.142455,9.824173,90.830841,58.585991
3.1916389,5.093664,8.367735,-0.107739,9.796735,90.630119,58.670006
3.1998799,5.121197,8.380903,-0.065841,9.821941,90.384079,58.572754
3.2101350,5.137957,8.388085,-0.038307,9.836668,90.223129,58.511269
3.2199700,5.158308,8.401254,-0.043096,9.858552,90.250465,58.450382
3.2297330,5.182250,8.384495,-0.075417,9.857036,90.438377,58.280811
3.2397099,5.199009,8.354567,-0.059855,9.840328,90.348511,58.106182
3.2496049,5.202600,8.346188,-0.001197,9.834932,90.006973,58.062630
3.2595809,5.206192,8.373720,0.022745,9.860230,89.867836,58.129551
3.2696900,5.214571,8.370130,0.008380,9.861587,89.951317,58.077190
3.2802460,5.220557,8.380903,-0.013168,9.873901,90.076408,58.080769
3.2896068,5.227739,8.365341,-0.034716,9.864552,90.201637,57.997566
3.2998028,5.232528,8.366538,-0.033519,9.868102,90.194618,57.977673
3.3113608,5.220557,8.373720,-0.039504,9.867875,90.229378,58.058716
3.3195210,5.203797,8.367735,-0.069432,9.854101,90.403709,58.122997
3.3297009,5.176264,8.352173,-0.073023,9.826385,90.425789,58.211411
3.3398669,5.163096,8.343793,-0.058658,9.812231,90.342522,58.250992
3.3514550,5.204995,8.376115,-0.034716,9.861668,90.201698,58.142803
3.3608339,5.209783,8.395268,-0.062249,9.880599,90.360977,58.177841
3.3704958,5.206192,8.390480,-0.051475,9.874575,90.298683,58.180901
3.3802290,5.194221,8.384495,-0.052672,9.863187,90.305977,58.221657
3.3895438,5.170279,8.373720,-0.067038,9.841517,90.390289,58.307114
3.3996229,5.166687,8.366538,-0.068235,9.833528,90.397575,58.302933
3.4097228,5.155913,8.386889,-0.058658,9.845140,90.341377,58.418514
3.4197340,5.178658,8.409634,-0.057461,9.876424,90.333351,58.375210
3.4294620,5.181053,8.384495,-0.045490,9.856223,90.264442,58.286728
3.4397538,5.165490,8.379706,-0.005986,9.843872,90.034836,58.349136
3.4500690,5.177461,8.367735,0.023942,9.840003,89.860588,58.253220
3.4599109,5.177461,8.384495,0.026336,9.854265,89.846870,58.304493
3.4694908,5.169082,8.383297,0.026336,9.848846,89.846786,58.342312
3.4795859,5.158308,8.367735,-0.034716,9.829971,90.202347,58.348156
3.4896131,5.165490,8.361750,-0.050278,9.828716,90.293091,58.294205
3.4994791,5.155913,8.355764,-0.046687,9.818576,90.272438,58.323395
3.5106370,5.160702,8.360553,-0.020351,9.825075,90.118675,58.314293
3.5204549,5.176264,8.366538,-0.020351,9.838348,90.118515,58.255478
3.5296979,5.189432,8.376115,0.027533,9.853439,89.839897,58.219666
3.5397911,5.213374,8.385692,0.013168,9.874172,89.923592,58.130836
3.5496051,5.227739,8.418014,0.004788,9.909200,89.972313,58.158966
3.5616219,5.270835,8.421604,-0.026336,9.935080,90.151878,57.958759
3.5696309,5.298368,8.376115,-0.027533,9.911244,90.159164,57.684322
3.5796030,5.334281,8.282741,0.046687,9.851931,89.728485,57.217503
3.5895700,5.334281,8.276755,0.130484,9.847652,89.240791,57.198647
3.6000159,5.366603,8.303091,0.186748,9.888206,88.917854,57.123878
3.6096168,5.372589,8.331821,0.162806,9.915163,89.059166,57.184959
3.6198277,5.384560,8.347384,0.077812,9.933699,89.551193,57.175575
3.6297209,5.407305,8.356961,0.002394,9.953781,89.986221,57.095436
3.6396301,5.421670,8.365341,0.002394,9.968623,89.986237,57.052284
3.6494970,5.453991,8.379706,0.063446,9.998477,89.636421,56.941624
3.6602728,5.457583,8.355764,0.159214,9.981451,89.086037,56.849365
3.6696529,5.442020,8.342596,0.180762,9.962287,88.960327,56.882889
3.6808927,5.391742,8.322245,0.165200,9.917557,89.045563,57.061962
3.6894820,5.352238,8.297106,0.128090,9.874453,89.256744,57.175037
3.6997859,5.420473,8.259995,0.128090,9.880559,89.257210,56.725838
3.7099528,5.559336,8.251616,0.272939,9.953385,88.428658,56.030792
3.7201309,5.785588,8.340201,0.477643,10.161699,87.305862,55.250999
3.7310159,6.011840,8.432379,0.697910,10.379514,86.144569,54.513138
3.7402790,6.118382,8.550891,0.893037,10.552244,85.145248,54.415306
3.7514298,6.101623,8.590396,0.958878,10.580366,84.800262,54.614422
3.7602119,6.092046,8.508993,0.949301,10.507957,84.816765,54.399086
3.7705548,6.065710,8.372523,1.030704,10.390107,84.306870,54.077492
3.7801249,6.203377,8.317456,1.121683,10.436481,83.830093,53.283459
3.7905579,6.357802,8.397662,1.346738,10.618667,82.713699,52.870930
3.8005700,6.503849,8.536526,1.460463,10.830755,82.250397,52.696777
3.8096068,6.625953,8.507795,1.489193,10.885933,82.137291,52.088196
3.8203990,6.606800,8.409634,1.353921,10.779835,82.784737,51.846016
3.8324158,6.236896,8.008605,1.363498,10.241862,82.349503,52.089458
3.8499320,5.956774,8.005013,1.094150,10.037956,83.742249,53.345943
3.8596079,5.552154,7.930793,0.530316,9.695624,86.864563,55.005077
3.8702788,5.492299,7.838616,-0.049081,9.571398,90.293808,54.982147
3.8795660,5.467160,7.657854,-0.283713,9.413450,91.727104,54.475880
3.8895857,5.497087,7.602787,0.053870,9.382071,89.671021,54.131725
3.8998098,5.677849,7.630321,0.372298,9.518318,87.758369,53.346451
3.9096870,5.874174,7.813477,0.817620,9.809426,85.218826,53.064148
3.9197860,6.125565,7.808689,1.058237,9.980884,83.913696,51.887413
3.9314668,6.353014,7.626729,1.197101,9.998042,83.123276,50.205933
3.9397380,6.338649,7.396886,1.533486,9.861236,81.053825,49.405579
3.9496250,6.374562,7.138312,1.619677,9.706385,80.394279,48.234924
3.9601109,6.374562,7.061698,1.842338,9.690038,79.039803,47.927582
3.9697189,6.432023,6.933608,1.626860,9.596485,80.239700,47.149185
3.9797380,6.914454,6.920440,1.441309,9.888354,81.618805,45.024788
3.9901030,7.201759,6.880936,1.544260,10.079551,81.187164,43.694950
4.0004268,7.527370,6.648698,1.434127,10.145107,81.873367,41.453190
4.0105972,7.789535,6.319495,1.306037,10.115266,82.581520,39.051735
4.0206861,8.159439,5.795165,0.899023,10.048315,84.866882,35.383915
4.0295677,8.637083,5.440824,0.519542,10.221139,87.086395,32.208370
4.0406246,8.948329,4.908113,-0.217872,10.208312,91.222939,28.744549
4.0495720,9.500193,4.119224,-1.066617,10.409579,95.881134,23.441254
4.0597606,10.424355,3.222595,-1.817199,11.061398,99.455582,17.178524
4.0704427,11.773487,2.730587,-2.545036,12.351045,101.891464,13.057570
4.0796289,13.348871,1.765724,-4.537012,14.208962,108.620979,7.535064
4.0896368,15.278598,0.474052,-8.005013,17.255159,117.640350,1.777157
4.1001401,18.478449,-0.676362,-12.154165,22.127682,123.317238,357.903748
4.1096807,21.137209,-1.426944,-12.172121,24.433140,119.879715,356.137909
4.1203318,22.282835,-1.635240,-9.506178,24.280983,113.048309,355.802826
4.1299348,23.517046,-2.195483,-10.043676,25.666067,113.036736,354.666504
4.1405606,25.583242,-2.656367,-12.795811,28.727884,116.449852,354.072083
4.1505790,27.836185,-1.853112,-13.308170,30.909458,115.502686,356.191315
4.1601329,28.771122,0.071826,-6.576872,29.513351,102.876129,0.143037
4.1696000,26.610355,2.141613,-4.614824,27.092325,99.807411,4.601273
4.1798439,24.173058,4.876989,-10.113108,26.653269,112.298515,11.406481
4.1895499,22.566547,7.007828,-6.895301,24.615114,106.267647,17.251688
4.1997538,23.270443,8.107965,-5.185841,25.182245,101.884087,19.209528
4.2100558,25.700558,9.165004,-7.005434,28.170767,104.399261,19.626600
4.2197061,27.594372,10.226832,-14.415488,32.769554,116.097816,20.335360
4.2300358,27.484238,12.540829,-20.928915,36.751534,124.713310,24.526819
4.2399106,22.986731,16.007633,-21.653160,35.404709,127.704552,34.852806
4.2505908,19.987993,23.599646,-19.413385,36.514965,122.117386,49.736683
4.2598610,14.633361,35.873520,-11.398794,40.385357,106.394577,67.808693
4.2695980,2.712631,39.206249,9.744401,40.490021,76.074394,86.042084
4.2813640,-22.118832,18.459295,3.652355,29.040110,82.774818,140.153275
4.2896276,-22.118832,18.459295,3.652355,29.040110,82.774818,140.153275
4.3000689,-26.621128,12.087128,10.358514,31.017445,70.490829,155.579926
4.3096180,-21.444864,16.181211,0.861913,26.878555,88.162384,142.963638
4.3204079,-25.871744,22.675484,-27.936743,44.316887,129.078598,138.766815
4.3297772,-25.871744,18.212692,-25.014620,40.333366,128.330505,144.855957
4.3401937,-32.892738,-1.816002,-11.610682,34.929043,109.414978,183.160080
4.3494997,-17.749414,-7.366959,-7.012617,20.457043,110.047386,202.541077
4.3597231,-2.868254,-4.740520,-10.101137,11.520954,151.254227,238.823944
4.3693976,6.375759,-0.539892,-9.550470,11.495793,146.178894,355.159790
4.3799839,12.061988,2.686294,-8.200141,14.830712,123.567307,12.555298
4.3895249,17.627310,4.777629,-8.285135,20.054707,114.401405,15.164866
4.3994880,23.690626,5.789180,-3.518279,24.640184,98.209106,13.732018
4.4094238,27.132290,7.231686,6.712144,28.870596,76.556244,14.924336
4.4194660,28.118702,7.867347,13.238738,32.059643,65.610291,15.631118
4.4296236,26.929981,6.019023,14.414291,31.132368,62.419128,12.598904
4.4396725,23.323116,2.347515,13.011290,26.809927,60.966812,5.747570
4.4494739,18.958487,-0.792481,10.685322,21.776785,60.615047,357.606384
4.4596772,14.930242,-2.263718,8.328231,17.245173,61.122986,351.378510
4.4697838,11.792641,-2.102109,6.126762,13.454459,62.911232,349.892853
4.4804688,9.786300,-0.849942,4.045004,10.623376,67.618958,355.036316
4.4895897,8.635885,0.633266,2.396596,8.984610,74.529358,4.193972
4.4996018,7.928399,1.827973,1.059434,8.205084,82.581299,12.983244
4.5095983,7.356185,2.497152,0.089783,7.768995,89.337845,18.750448
4.5194502,6.977901,2.807201,-0.271742,7.526309,92.069145,21.914865
4.5300589,6.940791,3.013103,-0.252588,7.570810,91.911942,23.466398
4.5400076,7.149086,3.371036,-0.002394,7.904007,90.017357,25.245462
4.5497451,7.156269,3.910928,0.424971,8.166282,87.016998,28.656775
4.5597520,7.052121,4.404134,0.299275,8.319758,87.938530,31.985271
4.5696731,6.936002,4.668694,-0.349553,8.368215,92.394028,33.944897
4.5802112,7.156269,4.492720,-1.485602,8.579262,99.971718,32.120682
4.5895419,7.820660,3.876213,-2.329558,9.034080,104.943321,26.364742
4.5999889,9.016563,3.274071,-2.631228,9.946925,105.338837,19.956839
4.6096568,10.386047,3.178303,-2.297236,11.101751,101.942245,17.014980
4.6197991,11.542446,3.831920,-1.252167,12.226184,95.878365,18.365396
4.6298680,11.771092,4.978743,0.031125,12.780746,89.860466,22.926588
4.6400719,11.180922,6.200983,0.723049,12.805779,86.763206,29.012920
4.6510029,10.296265,7.010222,0.495600,12.466030,87.721550,34.249031
4.6595469,9.647436,7.000646,-0.723049,11.941728,93.471275,35.966450
4.6697736,9.255983,6.422446,-1.734599,11.398679,98.753021,34.755608
4.6803651,9.471462,5.765238,-1.933318,11.255411,99.890625,31.328691
4.6901588,10.257957,5.479131,-1.404199,11.714024,96.884796,28.108221
4.7001076,11.055226,5.603629,-0.527921,12.405540,92.438972,26.879356
4.7095771,11.247959,5.993884,0.046687,12.745408,89.790123,28.052546
4.7195644,10.834960,6.364985,-0.228646,12.568280,91.042404,30.432058
4.7295818,9.956287,6.477513,-0.565032,11.891387,92.723495,33.047832
4.7397027,9.044097,5.965154,-1.154005,10.895433,96.079964,33.407375
4.7507758,8.394072,5.200206,-1.089362,9.934248,96.295555,31.778605
4.7596641,8.419210,4.839879,-0.719458,9.737821,94.237038,29.892931
4.7702889,9.161413,5.085284,-0.214281,10.480340,91.171555,29.033623
4.7799678,10.037690,5.681441,0.222661,11.536185,88.894058,29.510328
4.7900338,10.563218,6.357802,0.247800,12.331449,88.848564,31.042944
4.8002028,9.888053,6.864176,-0.979228,12.076813,94.650841,34.767952
4.8096857,9.888053,6.971915,-0.979228,12.138372,94.627205,35.187080
4.8202009,8.251616,6.256049,-1.705869,10.494633,99.354752,37.167965
4.8299761,8.090008,6.137536,-1.413776,10.252626,97.926003,37.186005
4.8396058,8.426393,6.424840,-0.974440,10.641062,95.254143,37.324299
4.8494697,8.939949,7.005434,-0.714669,11.380226,93.600502,38.082607
4.8599992,9.090784,7.562086,-0.623690,11.841305,93.019203,39.755070
4.8709559,8.784326,7.906851,-0.955287,11.857286,94.621063,41.990665
4.8797331,8.100781,7.935582,-1.023521,11.386119,95.157394,44.409782
4.8894858,7.381324,7.641095,-1.085770,10.679380,95.835335,45.990673
4.9002528,7.013814,7.366959,-0.994791,10.220336,95.585693,46.406712
4.9095168,7.241263,7.366959,-0.835576,10.363694,94.624512,45.492989
4.9195929,7.803900,7.594408,-0.683545,10.910688,93.591881,44.220543
4.9295688,8.250419,7.837419,-0.642843,11.397710,93.233261,43.529453
4.9397411,8.203732,7.936779,-0.720655,11.437352,93.612534,44.052448
4.9496255,7.653066,7.867347,-0.960075,11.017546,94.999123,45.791000
4.9602661,6.883330,7.742848,-1.247379,10.434936,96.865486,48.363163
4.9695253,6.149507,7.571663,-1.424550,9.857781,98.308914,50.917397
4.9797268,5.732916,7.507020,-1.411382,9.550585,98.498276,52.631966
4.9899268,5.857414,7.587225,-1.181539,9.657708,97.027260,52.331497
4.9995456,6.446388,7.776367,-0.817620,10.133919,94.627739,50.342232
5.0100689,7.173028,7.914034,-0.407014,10.688776,92.182274,47.811840
5.0199785,7.657854,7.903260,-0.016759,11.004750,90.087257,45.903507
5.0298691,7.775170,7.884106,0.385466,11.079756,88.006271,45.398582
5.0399580,7.496245,7.976283,0.404620,10.953470,87.883018,46.777042
5.0495033,7.169437,7.988254,0.138864,10.734632,89.258797,48.092106
5.0596018,7.030573,8.091205,-0.221464,10.721269,91.183617,49.012115
5.0694389,6.914454,8.208521,-0.387861,10.739643,92.069679,49.890862
5.0800743,6.625953,8.236053,-0.295684,10.574652,91.602287,51.183121
5.0919528,6.319495,8.133103,-0.265756,10.303107,91.478043,52.152470
5.1096148,5.949591,8.111555,-0.822408,10.093132,94.673752,53.741028
5.1199880,5.741296,8.237251,-0.992397,10.089581,95.644653,55.123825
5.1296148,5.487510,8.358158,-1.102530,10.059182,96.292511,56.713284
5.1401010,5.293580,8.453926,-1.169568,10.042846,96.687714,57.946510
5.1495199,5.262455,8.482656,-1.206678,10.055097,96.892479,58.185436
5.1598792,5.266047,8.493430,-1.013944,10.044785,95.793442,58.200504
5.1696072,5.327099,8.461109,-0.930147,10.041590,95.314896,57.805557
5.1799688,5.355829,8.356961,-0.842759,9.961624,94.853058,57.344906
5.1896696,5.367800,8.200141,-0.782904,9.832015,94.567184,56.791302
5.2001519,5.349844,8.034941,-0.695516,9.678060,94.121124,56.343433
5.2096348,5.337873,7.928399,-0.569820,9.574815,93.411827,56.049202
5.2198272,5.251681,7.830236,-0.477643,9.440387,92.900162,56.150536
5.2295132,5.068525,7.729680,-0.387861,9.251396,92.402802,56.746246
5.2397857,4.906917,7.650671,-0.396240,9.097671,92.496254,57.325077
5.2505493,4.817134,7.625533,-0.373495,9.027349,92.371216,57.718941
5.2594872,4.922479,7.698555,-0.497994,9.151314,93.119446,57.405033
5.2697263,5.128380,7.854179,-0.593762,9.398987,93.621956,56.857506
5.2797599,5.351041,8.062474,-0.666785,9.699574,93.941833,56.427883
5.2896700,5.495890,8.245630,-0.705092,9.934404,94.069977,56.315689
5.2996836,5.515044,8.311471,-0.689530,9.998586,93.954414,56.433895
5.3096676,5.456386,8.143877,-0.488417,9.814960,92.852364,56.177975
5.3199768,5.489904,8.032547,-0.448913,9.739732,92.641747,55.649055
5.3305831,5.583278,7.984663,-0.483629,9.755087,92.841721,55.036816
5.3399177,5.657499,7.951144,-0.531513,9.772947,93.117638,54.566902
5.3501711,5.607220,7.916428,-0.527921,9.715424,93.114899,54.689991
5.3599210,5.487510,7.949947,-0.475249,9.671622,92.816566,55.384331
5.3704906,5.365406,8.051701,-0.416591,9.684576,92.465393,56.321728
5.3799586,5.370194,8.225280,-0.333991,9.828823,91.947334,56.859924
5.3896151,5.476737,8.453926,-0.275333,10.076672,91.565735,57.063480
5.4001813,5.637148,8.635885,-0.292093,10.317038,91.622353,56.865162
5.4096756,5.787982,8.706514,-0.325611,10.459931,91.783875,56.384533
5.4198127,5.863400,8.705317,-0.329203,10.500971,91.796501,56.038067
5.4298282,5.837064,8.655039,-0.282516,10.443219,91.550186,56.003792
5.4396739,6.017826,8.663419,0.259771,10.551613,88.589287,55.215195
5.4505339,6.830657,8.966286,1.589750,11.383298,81.972038,52.699280
5.4597049,5.940014,7.860164,-1.476025,9.962158,98.520500,52.921249
5.4704189,4.627992,7.432799,-1.557428,8.893278,100.085884,58.091770
5.4806032,4.284424,7.582437,-0.760159,8.742281,94.988281,60.531563
5.4901237,4.723760,7.721301,-0.416591,9.061233,92.635109,58.542416
5.5000496,5.212177,7.842207,-0.627281,9.437186,93.811203,56.390739
5.5095396,5.469554,7.702147,-0.802058,9.480632,94.852997,54.620155
5.5202956,6.220136,8.275558,-0.790087,10.382640,94.364250,53.070473
5.5296788,6.722919,8.728063,-0.964863,11.059279,95.005112,52.394207
5.5397716,6.554127,8.615535,-0.544681,10.838851,92.880478,52.738529
5.5495238,6.044162,8.249222,-0.351948,10.232567,91.971069,53.769958
5.5597987,5.604826,7.955932,-0.440533,9.741920,92.591820,54.835922
5.5705528,5.255273,7.802703,-0.551863,9.423620,93.357262,56.038963
5.5797100,4.921282,7.759608,-0.810437,9.224279,95.040459,57.616402
5.5898218,4.745308,7.934384,-1.116895,9.312349,96.888466,59.117672
5.5993924,4.568137,8.367735,-1.218649,9.611033,97.284531,61.368870
5.6100597,4.991910,8.416816,-1.351527,9.878694,97.863426,59.328339
5.6198778,5.322310,8.225280,-0.998382,9.847791,95.818718,57.094410
5.6294289,5.693412,7.844602,-0.616507,9.712507,93.639328,54.028812
5.6393986,6.066907,7.513005,-0.475249,9.668426,92.817497,51.078407
5.6497078,6.137536,7.332242,-0.509965,9.575552,93.052841,50.068604
5.6597099,6.028600,7.363368,-0.517148,9.530511,93.110527,50.691833
5.6704521,5.789180,7.653066,-0.830788,9.631938,94.948105,52.894230
5.6796546,5.509058,8.036138,-1.428141,9.847275,98.338966,55.567978
5.6895819,5.337873,8.276755,-1.963245,10.042504,101.273560,57.181087
5.7002540,5.343858,8.423999,-2.486378,10.281179,103.995041,57.610542
5.7100945,5.424064,8.537724,-2.857480,10.510870,105.774948,57.571972
5.7197008,5.503073,8.608353,-2.743755,10.579023,105.031975,57.410385
5.7296610,5.655105,8.568848,-2.281674,10.517196,102.529778,56.576748
5.7398481,5.877765,8.327033,-1.734599,10.339073,99.658257,54.783051
5.7506328,6.094440,7.966706,-1.230620,10.105694,96.994545,52.584419
5.7604618,6.275203,7.698555,-0.639252,9.952617,93.682617,50.816029
5.7697592,6.426037,7.675811,-0.639252,10.030986,93.653809,50.064594
5.7794871,6.561310,7.878121,-0.612916,10.270892,93.421158,50.210705
5.7894888,6.624756,8.135497,-0.707487,10.515429,93.857819,50.843987
5.7998362,6.447585,7.984663,-0.897826,10.302052,94.999680,51.079254
5.8097396,6.253655,7.740454,-0.969652,9.998153,95.565468,51.064621
5.8196807,5.922058,7.593211,-1.063026,9.688015,96.299515,52.048801
5.8299170,5.477933,7.566875,-1.211466,9.419820,97.389175,54.097862
5.8394752,5.153519,7.667431,-1.388637,9.342194,98.548203,56.093723
5.8499756,5.056554,7.773973,-1.497573,9.393940,99.173180,56.958149
5.8594885,5.154716,7.819463,-1.479617,9.481791,98.977592,56.606483
5.8696852,5.418078,7.860164,-1.435324,9.653907,98.550323,55.421173
5.8796487,5.639542,7.945158,-1.405396,9.844040,98.207947,54.632538
5.8893890,5.617994,8.010999,-1.392228,9.883130,98.098145,54.958591
5.9004817,5.443218,7.995437,-1.539472,9.794162,99.043404,55.753334
5.9113798,5.322310,7.945158,-1.614889,9.698474,99.584938,56.182621
5.9206290,5.239710,7.930793,-1.684321,9.653444,100.048325,56.548088
5.9308548,5.212177,7.920019,-1.782483,9.647318,100.647408,56.651020
5.9397330,5.185841,7.939173,-1.847127,9.661019,101.022461,56.847565
5.9503188,5.262455,8.027759,-1.897405,9.784605,101.181488,56.753864
5.9596810,5.388151,8.116343,-1.944092,9.934117,101.285530,56.421234
5.9694457,5.720945,8.204929,-1.920150,10.185139,100.866699,55.113594
5.9795942,6.030994,8.268375,-1.851915,10.400409,100.256882,53.892803
5.9895730,6.246472,8.293514,-1.816002,10.540335,99.921036,53.013836
6.0014758,6.349423,8.239645,-1.686715,10.538117,99.210289,52.382359
6.0100050,6.325481,8.051701,-1.465251,10.343527,98.143845,51.846539
6.0199165,6.204574,7.753622,-1.371878,10.024841,97.865486,51.332642
6.0308509,6.054936,7.481880,-1.405396,9.727071,98.307343,51.017445
6.0404248,5.957971,7.436390,-1.499967,9.646099,98.945793,51.298595
6.0495958,5.838261,7.577648,-1.533486,9.688014,99.107483,52.387253
6.0603299,5.770026,7.771579,-1.719037,9.830856,100.070587,53.407875
6.0707898,5.719748,7.675811,-1.792060,9.738843,100.603508,53.307796
6.0795045,5.590461,7.493851,-1.889025,9.538316,101.422714,53.276829
6.0895948,5.392939,7.420828,-1.932121,9.374731,101.893829,53.992970
6.1003895,5.183447,7.001843,-1.288081,8.806422,98.410599,53.487545
6.1102686,4.893748,6.829460,-1.509544,8.536336,100.185608,54.375961
6.1199937,4.979939,7.624335,-2.503138,9.444363,105.369354,56.848888
